1986-01-24T00:00:00.033Z,26825,22,  1,1,  -0.030,  -0.230,   0.133,   0.267,   0.268,  29.740, 262.463,   0.003,   0.009,   0.026,  5,        
1986-01-24T00:00:48.033Z,26825,23,  1,1,  -0.024,  -0.236,   0.107,   0.260,   0.261,  24.318, 264.237,   0.006,   0.004,   0.008,  5,        
1986-01-24T00:01:36.033Z,26825,24,  1,1,  -0.024,  -0.233,   0.111,   0.259,   0.260,  25.300, 264.210,   0.004,   0.010,   0.023,  5,        
1986-01-24T00:02:24.032Z,26825,25,  1,1,  -0.032,  -0.223,   0.153,   0.273,   0.273,  34.172, 261.965,   0.008,   0.007,   0.007,  5,        
1986-01-24T00:03:12.032Z,26825,26,  1,1,  -0.045,  -0.203,   0.175,   0.272,   0.272,  40.129, 257.379,   0.004,   0.006,   0.010,  5,        
1986-01-24T00:04:00.032Z,26825,27,  1,1,  -0.039,  -0.197,   0.156,   0.255,   0.255,  37.810, 258.921,   0.003,   0.007,   0.009,  5,        
1986-01-24T00:04:48.032Z,26825,28,  1,1,  -0.027,  -0.242,   0.028,   0.245,   0.253,   6.562, 263.569,   0.012,   0.020,   0.060,  5,        
1986-01-24T00:05:36.032Z,26825,29,  1,1,  -0.043,  -0.259,   0.004,   0.263,   0.265,   0.922, 260.521,   0.012,   0.007,   0.027,  5,        
1986-01-24T00:06:24.032Z,26825,30,  1,1,  -0.053,  -0.264,  -0.012,   0.269,   0.269,  -2.553, 258.698,   0.007,   0.005,   0.008,  5,        
1986-01-24T00:07:12.032Z,26825,31,  1,1,  -0.039,  -0.262,   0.002,   0.265,   0.265,   0.477, 261.566,   0.007,   0.006,   0.006,  5,        
1986-01-24T00:08:00.032Z,26825,32,  1,1,  -0.032,  -0.253,  -0.003,   0.255,   0.256,  -0.601, 262.745,   0.010,   0.005,   0.005,  5,        
1986-01-24T00:08:48.032Z,26825,33,  1,1,  -0.022,  -0.244,  -0.011,   0.245,   0.246,  -2.586, 264.811,   0.016,   0.006,   0.017,  5,        
1986-01-24T00:09:36.032Z,26825,34,  1,1,  -0.025,  -0.240,   0.016,   0.242,   0.242,   3.788, 264.135,   0.004,   0.009,   0.008,  5,        
1986-01-24T00:10:24.032Z,26825,35,  1,1,  -0.087,  -0.199,   0.111,   0.244,   0.245,  27.105, 246.355,   0.014,   0.019,   0.014,  5,        
1986-01-24T00:11:12.032Z,26825,36,  1,1,  -0.084,  -0.188,   0.132,   0.245,   0.245,  32.636, 245.834,   0.008,   0.010,   0.019,  5,        
1986-01-24T00:12:00.032Z,26825,37,  1,1,  -0.054,  -0.217,   0.135,   0.261,   0.262,  31.143, 255.940,   0.012,   0.011,   0.021,  5,        
1986-01-24T00:12:48.032Z,26825,38,  1,1,  -0.049,  -0.209,   0.140,   0.256,   0.256,  33.112, 256.916,   0.004,   0.002,   0.005,  5,        
1986-01-24T00:13:36.032Z,26825,39,  1,1,  -0.056,  -0.215,   0.153,   0.270,   0.270,  34.556, 255.362,   0.004,   0.008,   0.009,  5,        
1986-01-24T00:14:24.032Z,26825,40,  1,1,  -0.060,  -0.199,   0.145,   0.253,   0.253,  34.913, 253.247,   0.008,   0.012,   0.006,  5,        
1986-01-24T00:15:12.032Z,26825,41,  1,1,  -0.066,  -0.182,   0.166,   0.254,   0.255,  40.580, 250.172,   0.016,   0.010,   0.012,  5,        
1986-01-24T00:16:00.032Z,26825,42,  1,1,  -0.058,  -0.179,   0.184,   0.264,   0.264,  44.361, 251.949,   0.006,   0.010,   0.012,  5,        
1986-01-24T00:16:48.032Z,26825,43,  1,1,  -0.053,  -0.200,   0.160,   0.261,   0.262,  37.726, 255.060,   0.005,   0.014,   0.010,  5,        
1986-01-24T00:17:36.031Z,26825,44,  1,1,  -0.059,  -0.218,   0.140,   0.266,   0.266,  31.907, 254.832,   0.008,   0.008,   0.005,  5,        
1986-01-24T00:18:24.031Z,26825,45,  1,1,  -0.047,  -0.226,   0.121,   0.260,   0.260,  27.656, 258.181,   0.006,   0.006,   0.010,  5,        
1986-01-24T00:19:12.031Z,26825,46,  1,1,  -0.040,  -0.226,   0.105,   0.252,   0.253,  24.640, 259.835,   0.006,   0.006,   0.011,  5,        
1986-01-24T00:20:00.031Z,26825,47,  1,1,  -0.050,  -0.231,   0.132,   0.271,   0.272,  29.222, 257.897,   0.005,   0.015,   0.022,  5,        
1986-01-24T00:20:48.031Z,26825,48,  1,1,  -0.042,  -0.212,   0.158,   0.268,   0.268,  36.154, 258.859,   0.008,   0.006,   0.004,  5,        
1986-01-24T00:21:36.031Z,26825,49,  1,1,  -0.042,  -0.218,   0.147,   0.266,   0.266,  33.437, 259.136,   0.007,   0.005,   0.006,  5,        
1986-01-24T00:22:24.031Z,26825,50,  1,1,  -0.025,  -0.231,   0.088,   0.248,   0.251,  20.689, 263.885,   0.008,   0.012,   0.036,  5,        
1986-01-24T00:23:12.031Z,26825,51,  1,1,  -0.025,  -0.247,   0.052,   0.253,   0.254,  11.796, 264.107,   0.003,   0.004,   0.008,  5,        
1986-01-24T00:24:00.031Z,26825,52,  1,1,  -0.034,  -0.241,   0.066,   0.252,   0.253,  15.201, 262.041,   0.005,   0.009,   0.004,  5,        
1986-01-24T00:24:48.031Z,26825,53,  1,1,  -0.029,  -0.222,   0.065,   0.233,   0.234,  16.043, 262.493,   0.005,   0.006,   0.012,  5,        
1986-01-24T00:25:36.031Z,26825,54,  1,1,  -0.031,  -0.205,   0.047,   0.212,   0.213,  12.914, 261.417,   0.005,   0.005,   0.013,  5,        
1986-01-24T00:26:24.031Z,26825,55,  1,1,  -0.035,  -0.209,   0.051,   0.218,   0.219,  13.444, 260.536,   0.009,   0.003,   0.009,  5,        
1986-01-24T00:27:12.031Z,26825,56,  1,1,  -0.037,  -0.211,   0.078,   0.228,   0.228,  19.979, 260.159,   0.013,   0.005,   0.007,  5,        
1986-01-24T00:28:00.031Z,26825,57,  1,1,  -0.047,  -0.216,   0.092,   0.239,   0.239,  22.658, 257.698,   0.005,   0.005,   0.008,  5,        
1986-01-24T00:28:48.031Z,26825,58,  1,1,  -0.048,  -0.188,   0.133,   0.235,   0.235,  34.402, 255.732,   0.007,   0.004,   0.007,  5,        
1986-01-24T00:29:36.031Z,26825,59,  1,1,  -0.052,  -0.205,   0.141,   0.254,   0.254,  33.767, 255.788,   0.007,   0.004,   0.004,  5,        
1986-01-24T00:30:24.031Z,26826, 0,  1,1,  -0.061,  -0.200,   0.132,   0.248,   0.248,  32.314, 253.161,   0.002,   0.005,   0.005,  5,        
1986-01-24T00:31:12.031Z,26826, 1,  1,1,  -0.057,  -0.184,   0.118,   0.226,   0.226,  31.395, 252.663,   0.005,   0.006,   0.005,  5,        
1986-01-24T00:32:00.031Z,26826, 2,  1,1,  -0.065,  -0.190,   0.127,   0.238,   0.238,  32.248, 251.049,   0.007,   0.006,   0.007,  5,        
1986-01-24T00:32:48.030Z,26826, 3,  1,1,  -0.054,  -0.181,   0.138,   0.234,   0.235,  36.096, 253.258,   0.011,   0.005,   0.010,  5,        
1986-01-24T00:33:36.030Z,26826, 4,  1,1,  -0.034,  -0.156,   0.159,   0.225,   0.225,  44.951, 257.682,   0.002,   0.010,   0.006,  5,        
1986-01-24T00:34:24.030Z,26826, 5,  1,1,  -0.049,  -0.152,   0.144,   0.215,   0.215,  42.059, 252.075,   0.007,   0.012,   0.010,  5,        
1986-01-24T00:35:12.030Z,26826, 6,  1,1,  -0.027,  -0.154,   0.131,   0.204,   0.205,  39.953, 260.190,   0.008,   0.013,   0.017,  5,        
1986-01-24T00:36:00.030Z,26826, 7,  1,1,  -0.032,  -0.135,   0.116,   0.180,   0.182,  39.838, 256.551,   0.005,   0.024,   0.009,  5,        
1986-01-24T00:36:48.030Z,26826, 8,  1,1,  -0.045,  -0.123,   0.126,   0.182,   0.182,  43.979, 249.958,   0.001,   0.008,   0.004,  5,        
1986-01-24T00:37:36.030Z,26826, 9,  1,1,  -0.031,  -0.125,   0.136,   0.187,   0.188,  46.655, 256.215,   0.008,   0.010,   0.011,  5,        
1986-01-24T00:38:24.030Z,26826,10,  1,1,  -0.033,  -0.120,   0.141,   0.188,   0.189,  48.651, 254.673,   0.008,   0.007,   0.007,  5,        
1986-01-24T00:40:48.030Z,26826,13,  1,1,  -0.067,  -0.165,   0.055,   0.186,   0.186,  17.077, 247.815,   0.000,   0.000,   0.000,  1,T       
1986-01-24T00:41:36.030Z,26826,14,  1,1,  -0.045,  -0.141,   0.069,   0.164,   0.166,  24.967, 252.276,   0.019,   0.014,   0.020,  5,T       
1986-01-24T00:42:24.030Z,26826,15,  1,1,  -0.050,  -0.118,   0.100,   0.163,   0.163,  38.132, 247.177,   0.006,   0.010,   0.003,  5,        
1986-01-24T00:43:12.030Z,26826,16,  1,1,  -0.059,  -0.125,   0.103,   0.173,   0.173,  36.696, 244.640,   0.005,   0.002,   0.006,  5,        
1986-01-24T00:44:00.030Z,26826,17,  1,1,  -0.073,  -0.130,   0.095,   0.176,   0.177,  32.502, 240.578,   0.007,   0.007,   0.007,  5,        
1986-01-24T00:44:48.030Z,26826,18,  1,1,  -0.067,  -0.121,   0.070,   0.155,   0.155,  26.768, 241.160,   0.003,   0.011,   0.005,  5,        
1986-01-24T00:45:36.030Z,26826,19,  1,1,  -0.052,  -0.120,   0.056,   0.143,   0.144,  23.070, 246.512,   0.005,   0.015,   0.013,  5,        
1986-01-24T00:46:24.030Z,26826,20,  1,1,  -0.045,  -0.097,   0.064,   0.125,   0.127,  30.936, 244.967,   0.002,   0.017,   0.016,  5,        
1986-01-24T00:47:12.030Z,26826,21,  1,1,  -0.032,  -0.079,   0.078,   0.116,   0.116,  42.693, 247.591,   0.007,   0.009,   0.003,  5,        
1986-01-24T00:48:00.029Z,26826,22,  1,1,  -0.012,  -0.068,   0.080,   0.106,   0.106,  49.487, 260.108,   0.012,   0.006,   0.008,  5,        
1986-01-24T00:48:48.029Z,26826,23,  1,1,   0.013,  -0.070,   0.113,   0.134,   0.135,  57.705, 280.104,   0.009,   0.018,   0.004,  5,        
1986-01-24T00:49:36.029Z,26826,24,  1,1,  -0.008,  -0.067,   0.140,   0.155,   0.155,  64.407, 263.469,   0.004,   0.007,   0.004,  5,        
1986-01-24T00:50:24.029Z,26826,25,  1,1,   0.017,  -0.078,   0.142,   0.163,   0.164,  60.552, 282.442,   0.006,   0.012,   0.008,  5,        
1986-01-24T00:51:12.029Z,26826,26,  1,1,   0.023,  -0.095,   0.118,   0.153,   0.155,  50.466, 283.449,   0.008,   0.021,   0.014,  5,        
1986-01-24T00:52:00.029Z,26826,27,  1,1,   0.019,  -0.082,   0.146,   0.169,   0.169,  59.958, 283.017,   0.008,   0.009,   0.011,  5,        
1986-01-24T00:52:48.029Z,26826,28,  1,1,   0.012,  -0.081,   0.150,   0.171,   0.171,  61.348, 278.432,   0.005,   0.011,   0.002,  5,        
1986-01-24T00:53:36.029Z,26826,29,  1,1,   0.044,  -0.108,   0.105,   0.157,   0.158,  41.844, 292.138,   0.013,   0.005,   0.010,  5,        
1986-01-24T00:54:24.029Z,26826,30,  1,1,   0.052,  -0.105,   0.085,   0.145,   0.146,  35.968, 296.189,   0.013,   0.003,   0.007,  5,        
1986-01-24T00:55:12.029Z,26826,31,  1,1,   0.043,  -0.106,   0.092,   0.147,   0.147,  38.806, 292.349,   0.004,   0.007,   0.009,  5,        
1986-01-24T00:56:00.029Z,26826,32,  1,1,   0.024,  -0.051,   0.131,   0.142,   0.143,  66.881, 295.264,   0.004,   0.007,   0.005,  5,        
1986-01-24T00:56:48.029Z,26826,33,  1,1,   0.026,  -0.037,   0.134,   0.142,   0.143,  71.255, 305.058,   0.008,   0.013,   0.004,  5,        
1986-01-24T00:57:36.029Z,26826,34,  1,1,   0.033,  -0.022,   0.144,   0.149,   0.149,  74.660, 326.045,   0.008,   0.006,   0.004,  5,        
1986-01-24T00:58:24.029Z,26826,35,  1,1,   0.044,  -0.042,   0.148,   0.159,   0.160,  67.719, 316.233,   0.005,   0.004,   0.004,  5,        
1986-01-24T00:59:12.029Z,26826,36,  1,1,   0.051,  -0.031,   0.143,   0.154,   0.155,  67.399, 328.550,   0.005,   0.011,   0.005,  5,        
1986-01-24T01:00:00.029Z,26826,37,  1,1,   0.023,  -0.017,   0.136,   0.139,   0.141,  78.192, 324.122,   0.006,   0.017,   0.012,  5,        
1986-01-24T01:00:48.029Z,26826,38,  1,1,  -0.001,   0.014,   0.160,   0.161,   0.161,  85.023,  92.971,   0.010,   0.007,   0.007,  5,        
1986-01-24T01:01:36.029Z,26826,39,  1,1,  -0.021,  -0.001,   0.187,   0.188,   0.188,  83.706, 182.515,   0.009,   0.002,   0.008,  5,        
1986-01-24T01:02:24.029Z,26826,40,  1,1,  -0.014,  -0.018,   0.194,   0.195,   0.195,  83.339, 232.248,   0.010,   0.009,   0.006,  5,        
1986-01-24T01:03:12.028Z,26826,41,  1,1,  -0.004,  -0.013,   0.201,   0.201,   0.202,  86.044, 253.445,   0.009,   0.006,   0.001,  5,        
1986-01-24T01:04:00.028Z,26826,42,  1,1,  -0.025,  -0.021,   0.196,   0.199,   0.199,  80.638, 220.076,   0.002,   0.004,   0.007,  5,        
1986-01-24T01:04:48.028Z,26826,43,  1,1,  -0.029,  -0.010,   0.192,   0.194,   0.194,  80.919, 198.372,   0.009,   0.007,   0.004,  5,        
1986-01-24T01:05:36.028Z,26826,44,  1,1,  -0.033,  -0.013,   0.194,   0.197,   0.197,  79.667, 202.279,   0.006,   0.002,   0.006,  5,        
1986-01-24T01:06:24.028Z,26826,45,  1,1,  -0.018,  -0.008,   0.198,   0.199,   0.199,  84.381, 205.624,   0.007,   0.006,   0.006,  5,        
1986-01-24T01:07:12.028Z,26826,46,  1,1,   0.005,  -0.015,   0.204,   0.205,   0.205,  85.527, 287.432,   0.004,   0.008,   0.003,  5,        
1986-01-24T01:08:00.028Z,26826,47,  1,1,   0.010,  -0.028,   0.196,   0.198,   0.198,  81.375, 289.746,   0.006,   0.006,   0.002,  5,        
1986-01-24T01:08:48.028Z,26826,48,  1,1,  -0.015,  -0.016,   0.187,   0.189,   0.189,  83.271, 227.681,   0.004,   0.008,   0.006,  5,        
1986-01-24T01:09:36.028Z,26826,49,  1,1,  -0.008,  -0.016,   0.181,   0.182,   0.183,  84.511, 243.828,   0.010,   0.009,   0.005,  5,        
1986-01-24T01:10:24.028Z,26826,50,  1,1,   0.013,  -0.005,   0.198,   0.199,   0.199,  85.954, 338.354,   0.006,   0.014,   0.004,  5,        
1986-01-24T01:11:12.028Z,26826,51,  1,1,   0.014,  -0.007,   0.190,   0.191,   0.192,  85.364, 334.946,   0.006,   0.025,   0.006,  5,        
1986-01-24T01:12:00.028Z,26826,52,  1,1,   0.008,   0.004,   0.192,   0.193,   0.193,  87.395,  28.219,   0.005,   0.009,   0.005,  5,        
1986-01-24T01:12:48.028Z,26826,53,  1,1,   0.015,   0.005,   0.202,   0.203,   0.203,  85.570,  17.550,   0.006,   0.004,   0.002,  5,        
1986-01-24T01:13:36.028Z,26826,54,  1,1,   0.017,  -0.005,   0.207,   0.208,   0.208,  85.134, 343.771,   0.008,   0.008,   0.006,  5,        
1986-01-24T01:14:24.028Z,26826,55,  1,1,   0.021,  -0.000,   0.216,   0.217,   0.217,  84.364, 359.278,   0.003,   0.008,   0.005,  5,        
1986-01-24T01:15:12.028Z,26826,56,  1,1,   0.010,  -0.005,   0.203,   0.203,   0.203,  86.855, 335.429,   0.005,   0.008,   0.004,  5,        
1986-01-24T01:16:00.028Z,26826,57,  1,1,   0.018,   0.009,   0.204,   0.205,   0.205,  84.321,  25.469,   0.007,   0.006,   0.002,  5,        
1986-01-24T01:16:48.028Z,26826,58,  1,1,   0.022,  -0.019,   0.211,   0.213,   0.213,  82.108, 319.044,   0.003,   0.005,   0.005,  5,        
1986-01-24T01:20:48.027Z,26827, 3,  1,1,   0.019,  -0.028,   0.227,   0.229,   0.230,  81.551, 304.453,   0.012,   0.007,   0.004,  5,TO      
1986-01-24T01:21:36.027Z,26827, 4,  1,1,  -0.005,  -0.031,   0.216,   0.218,   0.219,  81.664, 261.399,   0.009,   0.010,   0.007,  5,        
1986-01-24T01:22:24.027Z,26827, 5,  1,1,  -0.018,  -0.049,   0.225,   0.231,   0.231,  76.924, 249.259,   0.006,   0.003,   0.004,  5,        
1986-01-24T01:23:12.027Z,26827, 6,  1,1,  -0.016,  -0.063,   0.237,   0.246,   0.246,  74.562, 255.554,   0.005,   0.004,   0.003,  5,        
1986-01-24T01:24:00.027Z,26827, 7,  1,1,  -0.017,  -0.078,   0.217,   0.232,   0.232,  69.918, 257.365,   0.002,   0.006,   0.004,  5,        
1986-01-24T01:24:48.027Z,26827, 8,  1,1,  -0.013,  -0.053,   0.195,   0.203,   0.203,  74.483, 256.557,   0.005,   0.017,   0.008,  5,        
1986-01-24T01:25:36.027Z,26827, 9,  1,1,  -0.002,  -0.031,   0.168,   0.170,   0.171,  79.503, 267.010,   0.009,   0.008,   0.015,  5,        
1986-01-24T01:26:24.027Z,26827,10,  1,1,   0.000,  -0.017,   0.137,   0.138,   0.138,  83.084, 271.702,   0.004,   0.005,   0.010,  5,        
1986-01-24T01:27:12.027Z,26827,11,  1,1,  -0.001,  -0.028,   0.142,   0.145,   0.145,  78.755, 268.832,   0.005,   0.006,   0.010,  5,        
1986-01-24T01:28:00.027Z,26827,12,  1,1,   0.008,  -0.010,   0.088,   0.089,   0.091,  81.918, 308.330,   0.006,   0.014,   0.012,  5,        
1986-01-24T01:28:48.027Z,26827,13,  1,1,  -0.001,  -0.002,   0.098,   0.098,   0.099,  88.637, 230.413,   0.005,   0.017,   0.011,  5,        
1986-01-24T01:29:36.027Z,26827,14,  1,1,  -0.021,   0.016,   0.146,   0.149,   0.149,  79.644, 142.284,   0.012,   0.006,   0.015,  5,        
1986-01-24T01:30:24.027Z,26827,15,  1,1,  -0.049,  -0.004,   0.160,   0.168,   0.168,  72.811, 184.748,   0.008,   0.010,   0.004,  5,        
1986-01-24T01:31:12.027Z,26827,16,  1,1,  -0.049,  -0.032,   0.170,   0.180,   0.180,  70.789, 213.101,   0.006,   0.004,   0.005,  5,        
1986-01-24T01:32:00.027Z,26827,17,  1,1,  -0.039,  -0.015,   0.166,   0.171,   0.171,  75.937, 201.198,   0.006,   0.011,   0.004,  5,        
1986-01-24T01:32:48.027Z,26827,18,  1,1,  -0.027,   0.046,   0.145,   0.154,   0.154,  69.766, 119.867,   0.006,   0.008,   0.005,  5,        
1986-01-24T01:33:36.026Z,26827,19,  1,1,  -0.037,   0.063,   0.111,   0.133,   0.133,  56.732, 120.104,   0.007,   0.006,   0.021,  5,        
1986-01-24T01:34:24.026Z,26827,20,  1,1,  -0.054,   0.068,   0.092,   0.126,   0.127,  46.618, 128.636,   0.005,   0.007,   0.005,  5,        
1986-01-24T01:35:12.026Z,26827,21,  1,1,  -0.068,   0.051,   0.066,   0.108,   0.110,  37.837, 143.219,   0.008,   0.014,   0.021,  5,        
1986-01-24T01:36:00.026Z,26827,22,  1,1,  -0.085,   0.075,   0.045,   0.122,   0.126,  21.526, 138.599,   0.004,   0.032,   0.016,  5,        
1986-01-24T01:36:48.026Z,26827,23,  1,1,  -0.075,   0.096,  -0.014,   0.122,   0.123,  -6.603, 128.106,   0.005,   0.008,   0.015,  5,        
1986-01-24T01:37:36.026Z,26827,24,  1,1,  -0.070,   0.098,  -0.082,   0.145,   0.148, -34.318, 125.445,   0.007,   0.014,   0.026,  5,        
1986-01-24T01:38:24.026Z,26827,25,  1,1,  -0.048,   0.092,  -0.100,   0.144,   0.144, -44.019, 117.572,   0.008,   0.011,   0.006,  5,        
1986-01-24T01:39:12.026Z,26827,26,  1,1,  -0.049,   0.084,  -0.113,   0.149,   0.149, -49.362, 120.007,   0.004,   0.007,   0.006,  5,        
1986-01-24T01:40:00.026Z,26827,27,  1,1,  -0.044,   0.081,  -0.109,   0.143,   0.143, -49.877, 118.645,   0.004,   0.005,   0.004,  5,        
1986-01-24T01:40:48.026Z,26827,28,  1,1,  -0.049,   0.088,  -0.117,   0.155,   0.155, -49.390, 118.870,   0.008,   0.008,   0.005,  5,        
1986-01-24T01:41:36.026Z,26827,29,  1,1,  -0.053,   0.089,  -0.131,   0.167,   0.167, -51.773, 120.579,   0.009,   0.009,   0.004,  5,        
1986-01-24T01:42:24.026Z,26827,30,  1,1,  -0.047,   0.105,  -0.136,   0.178,   0.178, -49.891, 114.087,   0.005,   0.005,   0.002,  5,        
1986-01-24T01:43:12.026Z,26827,31,  1,1,  -0.043,   0.099,  -0.138,   0.175,   0.176, -51.762, 113.529,   0.004,   0.011,   0.007,  5,        
1986-01-24T01:44:00.026Z,26827,32,  1,1,  -0.065,   0.109,  -0.104,   0.164,   0.165, -39.448, 120.871,   0.011,   0.009,   0.012,  5,        
1986-01-24T01:44:48.026Z,26827,33,  1,1,  -0.054,   0.100,  -0.099,   0.151,   0.152, -41.084, 118.340,   0.010,   0.009,   0.014,  5,        
1986-01-24T01:45:36.026Z,26827,34,  1,1,  -0.078,   0.105,  -0.068,   0.147,   0.148, -27.663, 126.603,   0.006,   0.008,   0.007,  5,        
1986-01-24T01:46:24.026Z,26827,35,  1,1,  -0.080,   0.101,  -0.054,   0.140,   0.141, -22.803, 128.436,   0.005,   0.009,   0.003,  5,        
1986-01-24T01:47:12.026Z,26827,36,  1,1,  -0.083,   0.098,  -0.076,   0.149,   0.151, -30.700, 130.385,   0.013,   0.009,   0.017,  5,        
1986-01-24T01:48:00.025Z,26827,37,  1,1,  -0.073,   0.092,  -0.092,   0.149,   0.150, -38.147, 128.491,   0.002,   0.018,   0.015,  5,        
1986-01-24T01:48:48.025Z,26827,38,  1,1,  -0.074,   0.128,  -0.054,   0.158,   0.158, -20.143, 120.128,   0.002,   0.010,   0.008,  5,        
1986-01-24T01:49:36.025Z,26827,39,  1,1,  -0.083,   0.115,  -0.062,   0.155,   0.155, -23.555, 125.908,   0.003,   0.008,   0.007,  5,        
1986-01-24T01:50:24.025Z,26827,40,  1,1,  -0.079,   0.095,  -0.082,   0.148,   0.149, -33.718, 129.868,   0.005,   0.004,   0.007,  5,        
1986-01-24T01:51:12.025Z,26827,41,  1,1,  -0.077,   0.094,  -0.103,   0.159,   0.159, -40.111, 129.336,   0.003,   0.002,   0.008,  5,        
1986-01-24T01:52:00.025Z,26827,42,  1,1,  -0.065,   0.094,  -0.106,   0.156,   0.156, -42.920, 124.742,   0.005,   0.009,   0.005,  5,        
1986-01-24T01:52:48.025Z,26827,43,  1,1,  -0.042,   0.072,  -0.116,   0.143,   0.143, -54.370, 120.227,   0.002,   0.004,   0.002,  5,        
1986-01-24T01:53:36.025Z,26827,44,  1,1,  -0.061,   0.080,  -0.112,   0.151,   0.151, -48.069, 127.544,   0.008,   0.008,   0.005,  5,        
1986-01-24T01:54:24.025Z,26827,45,  1,1,  -0.055,   0.080,  -0.113,   0.148,   0.149, -49.469, 124.465,   0.008,   0.005,   0.006,  5,        
1986-01-24T01:55:12.025Z,26827,46,  1,1,  -0.059,   0.069,  -0.103,   0.137,   0.138, -48.593, 130.186,   0.011,   0.004,   0.010,  5,        
1986-01-24T01:56:00.025Z,26827,47,  1,1,  -0.080,   0.067,  -0.111,   0.152,   0.152, -46.789, 139.976,   0.006,   0.005,   0.006,  5,        
1986-01-24T01:56:48.025Z,26827,48,  1,1,  -0.069,   0.080,  -0.129,   0.167,   0.167, -50.648, 130.459,   0.011,   0.003,   0.003,  5,        
1986-01-24T01:57:36.025Z,26827,49,  1,1,  -0.048,   0.071,  -0.113,   0.142,   0.142, -52.714, 124.252,   0.007,   0.005,   0.004,  5,        
1986-01-24T01:58:24.025Z,26827,50,  1,1,  -0.061,   0.078,  -0.112,   0.150,   0.150, -48.478, 128.214,   0.008,   0.006,   0.003,  5,        
1986-01-24T01:59:12.025Z,26827,51,  1,1,  -0.069,   0.078,  -0.118,   0.157,   0.158, -48.604, 131.415,   0.006,   0.004,   0.006,  5,        
1986-01-24T02:00:00.025Z,26827,52,  1,1,  -0.037,   0.066,  -0.136,   0.156,   0.157, -60.752, 119.400,   0.015,   0.007,   0.006,  5,        
1986-01-24T02:00:48.025Z,26827,53,  1,1,  -0.034,   0.070,  -0.151,   0.169,   0.170, -62.649, 115.571,   0.004,   0.005,   0.004,  5,        
1986-01-24T02:01:36.025Z,26827,54,  1,1,  -0.031,   0.082,  -0.151,   0.175,   0.175, -59.766, 110.686,   0.006,   0.006,   0.001,  5,        
1986-01-24T02:02:24.025Z,26827,55,  1,1,  -0.046,   0.080,  -0.150,   0.176,   0.176, -58.620, 119.784,   0.003,   0.006,   0.001,  5,        
1986-01-24T02:03:12.024Z,26827,56,  1,1,  -0.033,   0.076,  -0.155,   0.175,   0.176, -61.903, 113.525,   0.006,   0.009,   0.004,  5,        
1986-01-24T02:04:00.024Z,26827,57,  1,1,  -0.035,   0.070,  -0.139,   0.160,   0.160, -60.698, 116.264,   0.004,   0.010,   0.006,  5,        
1986-01-24T02:04:48.024Z,26827,58,  1,1,  -0.030,   0.052,  -0.136,   0.149,   0.149, -66.098, 119.611,   0.009,   0.006,   0.001,  5,        
1986-01-24T02:05:36.024Z,26827,59,  1,1,  -0.024,   0.046,  -0.139,   0.148,   0.148, -69.610, 117.181,   0.012,   0.006,   0.006,  5,        
1986-01-24T02:06:24.024Z,26828, 0,  1,1,  -0.038,   0.050,  -0.132,   0.146,   0.146, -64.594, 127.536,   0.005,   0.006,   0.004,  5,        
1986-01-24T02:07:12.024Z,26828, 1,  1,1,  -0.035,   0.045,  -0.123,   0.135,   0.135, -65.294, 127.788,   0.003,   0.004,   0.005,  5,        
1986-01-24T02:08:00.024Z,26828, 2,  1,1,  -0.034,   0.047,  -0.121,   0.134,   0.134, -64.400, 126.017,   0.004,   0.008,   0.003,  5,        
1986-01-24T02:08:48.024Z,26828, 3,  1,1,  -0.032,   0.043,  -0.126,   0.137,   0.137, -67.091, 126.500,   0.004,   0.005,   0.004,  5,        
1986-01-24T02:09:36.024Z,26828, 4,  1,1,  -0.042,   0.043,  -0.125,   0.139,   0.139, -64.176, 134.037,   0.005,   0.003,   0.004,  5,        
1986-01-24T02:10:24.024Z,26828, 5,  1,1,  -0.037,   0.041,  -0.118,   0.130,   0.130, -64.705, 132.005,   0.003,   0.008,   0.008,  5,        
1986-01-24T02:11:12.024Z,26828, 6,  1,1,  -0.044,   0.058,  -0.096,   0.120,   0.121, -52.946, 127.214,   0.004,   0.005,   0.008,  5,        
1986-01-24T02:12:00.024Z,26828, 7,  1,1,  -0.035,   0.048,  -0.102,   0.118,   0.118, -59.468, 126.334,   0.004,   0.007,   0.007,  5,        
1986-01-24T02:12:48.024Z,26828, 8,  1,1,  -0.033,   0.048,  -0.109,   0.124,   0.124, -62.009, 124.962,   0.003,   0.005,   0.004,  5,        
1986-01-24T02:13:36.024Z,26828, 9,  1,1,  -0.044,   0.067,  -0.120,   0.144,   0.144, -56.285, 123.353,   0.005,   0.003,   0.008,  5,        
1986-01-24T02:14:24.024Z,26828,10,  1,1,  -0.040,   0.068,  -0.107,   0.133,   0.134, -53.582, 120.758,   0.004,   0.003,   0.011,  5,        
1986-01-24T02:15:12.024Z,26828,11,  1,1,  -0.042,   0.081,  -0.075,   0.118,   0.118, -39.321, 117.601,   0.007,   0.009,   0.009,  5,        
1986-01-24T02:16:00.024Z,26828,12,  1,1,  -0.032,   0.067,  -0.114,   0.136,   0.137, -56.755, 115.710,   0.004,   0.004,   0.011,  5,        
1986-01-24T02:16:48.024Z,26828,13,  1,1,  -0.030,   0.066,  -0.113,   0.135,   0.135, -57.333, 114.288,   0.005,   0.010,   0.005,  5,        
1986-01-24T02:17:36.024Z,26828,14,  1,1,  -0.033,   0.068,  -0.113,   0.135,   0.136, -56.257, 116.111,   0.008,   0.009,   0.005,  5,        
1986-01-24T02:18:24.023Z,26828,15,  1,1,  -0.036,   0.081,  -0.091,   0.127,   0.127, -46.003, 113.822,   0.003,   0.006,   0.007,  5,        
1986-01-24T02:19:12.023Z,26828,16,  1,1,  -0.031,   0.075,  -0.092,   0.122,   0.123, -48.424, 112.602,   0.007,   0.006,   0.004,  5,        
1986-01-24T02:20:00.023Z,26828,17,  1,1,  -0.040,   0.079,  -0.098,   0.132,   0.133, -48.059, 116.765,   0.005,   0.015,   0.013,  5,        
1986-01-24T02:20:48.023Z,26828,18,  1,1,  -0.045,   0.071,  -0.081,   0.116,   0.117, -44.167, 122.336,   0.009,   0.008,   0.006,  5,        
1986-01-24T02:21:36.023Z,26828,19,  1,1,  -0.052,   0.082,  -0.071,   0.120,   0.121, -36.145, 122.555,   0.010,   0.017,   0.008,  5,        
1986-01-24T02:22:24.023Z,26828,20,  1,1,  -0.040,   0.085,  -0.064,   0.113,   0.114, -34.295, 115.000,   0.006,   0.010,   0.007,  5,        
1986-01-24T02:23:12.023Z,26828,21,  1,1,  -0.046,   0.072,  -0.062,   0.106,   0.106, -35.812, 122.591,   0.009,   0.004,   0.005,  5,        
1986-01-24T02:24:00.023Z,26828,22,  1,1,  -0.023,   0.101,  -0.064,   0.122,   0.122, -31.702, 102.651,   0.010,   0.006,   0.004,  5,        
1986-01-24T02:24:48.023Z,26828,23,  1,1,  -0.015,   0.097,  -0.079,   0.126,   0.126, -38.729,  98.696,   0.011,   0.003,   0.007,  5,        
1986-01-24T02:25:36.023Z,26828,24,  1,1,  -0.020,   0.097,  -0.090,   0.134,   0.134, -42.096, 101.554,   0.006,   0.008,   0.002,  5,        
1986-01-24T02:26:24.023Z,26828,25,  1,1,  -0.025,   0.091,  -0.081,   0.125,   0.125, -40.780, 105.662,   0.003,   0.004,   0.005,  5,        
1986-01-24T02:27:12.023Z,26828,26,  1,1,  -0.037,   0.082,  -0.083,   0.122,   0.123, -42.613, 114.055,   0.007,   0.005,   0.011,  5,        
1986-01-24T02:28:00.023Z,26828,27,  1,1,  -0.051,   0.089,  -0.075,   0.127,   0.128, -36.150, 119.520,   0.008,   0.006,   0.011,  5,        
1986-01-24T02:28:48.023Z,26828,28,  1,1,  -0.045,   0.097,  -0.085,   0.137,   0.137, -38.652, 114.838,   0.004,   0.006,   0.009,  5,        
1986-01-24T02:29:36.023Z,26828,29,  1,1,  -0.057,   0.103,  -0.098,   0.153,   0.153, -39.853, 118.867,   0.006,   0.004,   0.006,  5,        
1986-01-24T02:30:24.023Z,26828,30,  1,1,  -0.047,   0.094,  -0.102,   0.146,   0.147, -44.058, 116.480,   0.008,   0.008,   0.007,  5,        
1986-01-24T02:31:12.023Z,26828,31,  1,1,  -0.038,   0.094,  -0.106,   0.147,   0.147, -46.119, 112.193,   0.004,   0.007,   0.005,  5,        
1986-01-24T02:32:00.023Z,26828,32,  1,1,  -0.019,   0.098,  -0.083,   0.130,   0.130, -39.554, 100.866,   0.007,   0.006,   0.006,  5,        
1986-01-24T02:32:48.023Z,26828,33,  1,1,  -0.021,   0.100,  -0.083,   0.132,   0.132, -38.940, 101.991,   0.003,   0.007,   0.007,  5,        
1986-01-24T02:33:36.022Z,26828,34,  1,1,  -0.015,   0.079,  -0.091,   0.121,   0.122, -48.679, 101.121,   0.004,   0.012,   0.008,  5,        
1986-01-24T02:34:24.022Z,26828,35,  1,1,  -0.024,   0.096,  -0.080,   0.127,   0.128, -38.940, 103.848,   0.003,   0.008,   0.014,  5,        
1986-01-24T02:35:12.022Z,26828,36,  1,1,  -0.028,   0.082,  -0.083,   0.120,   0.121, -43.773, 108.903,   0.001,   0.013,   0.007,  5,        
1986-01-24T02:36:00.022Z,26828,37,  1,1,  -0.022,   0.071,  -0.099,   0.124,   0.126, -53.178, 106.989,   0.014,   0.010,   0.024,  5,        
1986-01-24T02:36:48.022Z,26828,38,  1,1,  -0.037,   0.060,  -0.122,   0.141,   0.141, -60.005, 121.997,   0.002,   0.008,   0.002,  5,        
1986-01-24T02:37:36.022Z,26828,39,  1,1,  -0.042,   0.062,  -0.116,   0.138,   0.139, -56.977, 124.327,   0.004,   0.013,   0.009,  5,        
1986-01-24T02:38:24.022Z,26828,40,  1,1,  -0.044,   0.065,  -0.139,   0.160,   0.160, -60.762, 124.217,   0.004,   0.005,   0.004,  5,        
1986-01-24T02:39:12.022Z,26828,41,  1,1,  -0.035,   0.063,  -0.128,   0.147,   0.148, -60.724, 119.389,   0.002,   0.018,   0.004,  5,        
1986-01-24T02:40:00.022Z,26828,42,  1,1,  -0.034,   0.069,  -0.122,   0.144,   0.144, -57.662, 116.441,   0.005,   0.008,   0.007,  5,        
1986-01-24T02:40:48.022Z,26828,43,  1,1,  -0.026,   0.072,  -0.120,   0.142,   0.143, -57.586, 109.869,   0.007,   0.004,   0.005,  5,        
1986-01-24T02:41:36.022Z,26828,44,  1,1,  -0.033,   0.077,  -0.123,   0.149,   0.150, -55.844, 113.000,   0.007,   0.014,   0.008,  5,        
1986-01-24T02:42:24.022Z,26828,45,  1,1,  -0.034,   0.121,  -0.095,   0.158,   0.159, -37.185, 105.707,   0.005,   0.013,   0.015,  5,        
1986-01-24T02:43:12.022Z,26828,46,  1,1,  -0.024,   0.113,  -0.106,   0.157,   0.157, -42.536, 102.114,   0.005,   0.003,   0.006,  5,        
1986-01-24T02:44:00.022Z,26828,47,  1,1,  -0.022,   0.103,  -0.114,   0.155,   0.155, -47.446, 102.364,   0.005,   0.005,   0.008,  5,        
1986-01-24T02:44:48.022Z,26828,48,  1,1,  -0.045,   0.071,  -0.128,   0.153,   0.154, -56.560, 122.355,   0.008,   0.015,   0.006,  5,        
1986-01-24T02:45:36.022Z,26828,49,  1,1,  -0.035,   0.107,  -0.112,   0.159,   0.159, -44.891, 108.283,   0.003,   0.004,   0.009,  5,        
1986-01-24T02:46:24.022Z,26828,50,  1,1,  -0.038,   0.103,  -0.116,   0.160,   0.160, -46.599, 110.055,   0.009,   0.007,   0.007,  5,        
1986-01-24T02:47:12.022Z,26828,51,  1,1,  -0.012,   0.093,  -0.117,   0.150,   0.151, -51.291,  97.222,   0.012,   0.011,   0.007,  5,        
1986-01-24T02:48:00.022Z,26828,52,  1,1,  -0.013,   0.079,  -0.123,   0.147,   0.147, -56.743,  99.547,   0.003,   0.006,   0.005,  5,        
1986-01-24T02:48:48.021Z,26828,53,  1,1,  -0.010,   0.076,  -0.117,   0.139,   0.140, -56.674,  97.185,   0.008,   0.007,   0.005,  5,        
1986-01-24T02:49:36.021Z,26828,54,  1,1,  -0.019,   0.095,  -0.122,   0.155,   0.156, -51.555, 101.321,   0.007,   0.004,   0.006,  5,        
1986-01-24T02:50:24.021Z,26828,55,  1,1,  -0.018,   0.086,  -0.127,   0.154,   0.154, -55.348, 101.986,   0.007,   0.006,   0.002,  5,        
1986-01-24T02:51:12.021Z,26828,56,  1,1,  -0.026,   0.084,  -0.117,   0.146,   0.146, -53.116, 106.978,   0.011,   0.004,   0.010,  5,        
1986-01-24T02:52:00.021Z,26828,57,  1,1,  -0.034,   0.090,  -0.113,   0.148,   0.148, -49.534, 110.597,   0.008,   0.004,   0.005,  5,        
1986-01-24T02:52:48.021Z,26828,58,  1,1,  -0.011,   0.100,  -0.106,   0.146,   0.146, -46.722,  96.313,   0.006,   0.009,   0.009,  5,        
1986-01-24T02:53:36.021Z,26828,59,  1,1,  -0.004,   0.110,  -0.103,   0.151,   0.152, -43.104,  91.891,   0.011,   0.006,   0.002,  5, O      
1986-01-24T02:54:24.021Z,26829, 0,  1,1,  -0.017,   0.114,  -0.107,   0.157,   0.157, -43.013,  98.715,   0.007,   0.008,   0.005,  5,        
1986-01-24T02:55:12.021Z,26829, 1,  1,1,  -0.021,   0.082,  -0.106,   0.136,   0.138, -51.393, 103.995,   0.007,   0.021,   0.008,  5,        
1986-01-24T02:56:00.021Z,26829, 2,  1,1,  -0.024,   0.098,  -0.102,   0.143,   0.145, -45.235, 103.905,   0.011,   0.012,   0.009,  5,        
1986-01-24T02:56:48.021Z,26829, 3,  1,1,  -0.006,   0.093,  -0.103,   0.139,   0.140, -47.699,  93.398,   0.014,   0.004,   0.013,  5,        
1986-01-24T02:57:36.021Z,26829, 4,  1,1,   0.005,   0.087,  -0.097,   0.130,   0.131, -47.880,  86.653,   0.004,   0.011,   0.007,  5,        
1986-01-24T02:58:24.021Z,26829, 5,  1,1,   0.006,   0.078,  -0.112,   0.136,   0.136, -55.023,  85.627,   0.003,   0.005,   0.005,  5,        
1986-01-24T02:59:12.021Z,26829, 6,  1,1,   0.015,   0.086,  -0.103,   0.135,   0.135, -49.852,  80.150,   0.003,   0.004,   0.008,  5,        
1986-01-24T03:00:00.021Z,26829, 7,  1,1,   0.023,   0.114,  -0.102,   0.154,   0.154, -41.346,  78.787,   0.006,   0.009,   0.008,  5,        
1986-01-24T03:00:48.021Z,26829, 8,  1,1,   0.037,   0.134,  -0.097,   0.169,   0.170, -35.122,  74.700,   0.004,   0.009,   0.005,  5,        
1986-01-24T03:01:36.021Z,26829, 9,  1,1,   0.045,   0.133,  -0.094,   0.169,   0.170, -33.955,  71.423,   0.007,   0.016,   0.011,  5,        
1986-01-24T03:02:24.021Z,26829,10,  1,1,   0.051,   0.146,  -0.092,   0.180,   0.181, -30.703,  70.624,   0.005,   0.009,   0.004,  5,        
1986-01-24T03:03:12.021Z,26829,11,  1,1,   0.056,   0.128,  -0.086,   0.164,   0.166, -31.561,  66.328,   0.004,   0.018,   0.012,  5,        
1986-01-24T03:04:00.020Z,26829,12,  1,1,   0.065,   0.138,  -0.087,   0.175,   0.176, -29.722,  64.814,   0.004,   0.004,   0.006,  5,        
1986-01-24T03:04:48.020Z,26829,13,  1,1,   0.082,   0.133,  -0.071,   0.172,   0.172, -24.451,  58.266,   0.005,   0.007,   0.003,  5,        
1986-01-24T03:05:36.020Z,26829,14,  1,1,   0.084,   0.131,  -0.073,   0.172,   0.172, -25.051,  57.478,   0.004,   0.005,   0.008,  5,        
1986-01-24T03:06:24.020Z,26829,15,  1,1,   0.080,   0.130,  -0.080,   0.172,   0.172, -27.581,  58.365,   0.004,   0.004,   0.007,  5,        
1986-01-24T03:07:12.020Z,26829,16,  1,1,   0.079,   0.126,  -0.067,   0.163,   0.163, -24.121,  57.849,   0.002,   0.007,   0.006,  5,        
1986-01-24T03:08:00.020Z,26829,17,  1,1,   0.068,   0.126,  -0.058,   0.155,   0.155, -21.967,  61.562,   0.005,   0.010,   0.008,  5,        
1986-01-24T03:08:48.020Z,26829,18,  1,1,   0.072,   0.143,  -0.062,   0.171,   0.171, -21.261,  63.352,   0.004,   0.005,   0.005,  5,        
1986-01-24T03:09:36.020Z,26829,19,  1,1,   0.082,   0.129,  -0.072,   0.169,   0.169, -25.194,  57.586,   0.007,   0.004,   0.006,  5,        
1986-01-24T03:10:24.020Z,26829,20,  1,1,   0.096,   0.119,  -0.067,   0.167,   0.167, -23.615,  50.964,   0.003,   0.006,   0.008,  5,        
1986-01-24T03:11:12.020Z,26829,21,  1,1,   0.084,   0.112,  -0.063,   0.154,   0.154, -24.035,  53.127,   0.007,   0.005,   0.005,  5,        
1986-01-24T03:12:00.020Z,26829,22,  1,1,   0.090,   0.107,  -0.074,   0.158,   0.159, -27.786,  49.977,   0.010,   0.008,   0.007,  5,        
1986-01-24T03:12:48.020Z,26829,23,  1,1,   0.084,   0.102,  -0.072,   0.151,   0.152, -28.558,  50.344,   0.007,   0.009,   0.013,  5,        
1986-01-24T03:13:36.020Z,26829,24,  1,1,   0.070,   0.088,  -0.060,   0.127,   0.128, -28.075,  51.379,   0.005,   0.016,   0.007,  5,        
1986-01-24T03:14:24.020Z,26829,25,  1,1,   0.087,   0.085,  -0.071,   0.141,   0.142, -30.394,  44.375,   0.007,   0.005,   0.008,  5,        
1986-01-24T03:15:12.020Z,26829,26,  1,1,   0.089,   0.111,  -0.067,   0.157,   0.157, -25.384,  51.325,   0.003,   0.007,   0.002,  5,        
1986-01-24T03:16:00.020Z,26829,27,  1,1,   0.095,   0.103,  -0.079,   0.161,   0.161, -29.594,  47.284,   0.005,   0.013,   0.003,  5,        
1986-01-24T03:16:48.020Z,26829,28,  1,1,   0.087,   0.106,  -0.084,   0.161,   0.161, -31.431,  50.826,   0.006,   0.005,   0.008,  5,        
1986-01-24T03:17:36.020Z,26829,29,  1,1,   0.086,   0.103,  -0.080,   0.156,   0.156, -30.706,  50.378,   0.004,   0.004,   0.006,  5,        
1986-01-24T03:18:24.020Z,26829,30,  1,1,   0.092,   0.092,  -0.078,   0.152,   0.152, -30.818,  44.954,   0.004,   0.005,   0.005,  5,        
1986-01-24T03:19:12.019Z,26829,31,  1,1,   0.085,   0.107,  -0.060,   0.149,   0.150, -23.759,  51.365,   0.006,   0.003,   0.010,  5,        
1986-01-24T03:20:00.019Z,26829,32,  1,1,   0.093,   0.099,  -0.053,   0.146,   0.146, -21.429,  46.747,   0.008,   0.005,   0.008,  5,        
1986-01-24T03:20:48.019Z,26829,33,  1,1,   0.104,   0.105,  -0.070,   0.163,   0.164, -25.230,  45.165,   0.003,   0.006,   0.011,  5,        
1986-01-24T03:21:36.019Z,26829,34,  1,1,   0.096,   0.101,  -0.072,   0.157,   0.157, -27.229,  46.289,   0.005,   0.004,   0.012,  5,        
1986-01-24T03:22:24.019Z,26829,35,  1,1,   0.093,   0.085,  -0.073,   0.146,   0.146, -30.222,  42.154,   0.007,   0.010,   0.004,  5,        
1986-01-24T03:23:12.019Z,26829,36,  1,1,   0.112,   0.081,  -0.058,   0.149,   0.150, -22.751,  35.827,   0.008,   0.003,   0.006,  5,        
1986-01-24T03:24:00.019Z,26829,37,  1,1,   0.094,   0.090,  -0.071,   0.148,   0.148, -28.413,  43.920,   0.004,   0.006,   0.007,  5,        
1986-01-24T03:24:48.019Z,26829,38,  1,1,   0.109,   0.079,  -0.065,   0.150,   0.150, -25.588,  35.973,   0.008,   0.006,   0.006,  5,        
1986-01-24T03:25:36.019Z,26829,39,  1,1,   0.111,   0.066,  -0.053,   0.139,   0.140, -22.390,  30.824,   0.012,   0.003,   0.003,  5,        
1986-01-24T03:26:24.019Z,26829,40,  1,1,   0.092,   0.062,  -0.062,   0.127,   0.128, -29.066,  33.988,   0.006,   0.011,   0.002,  5,        
1986-01-24T03:27:12.019Z,26829,41,  1,1,   0.109,   0.059,  -0.060,   0.138,   0.138, -25.766,  28.601,   0.004,   0.010,   0.006,  5,        
1986-01-24T03:28:00.019Z,26829,42,  1,1,   0.110,   0.066,  -0.061,   0.142,   0.142, -25.384,  30.911,   0.007,   0.009,   0.001,  5,        
1986-01-24T03:28:48.019Z,26829,43,  1,1,   0.108,   0.055,  -0.060,   0.135,   0.135, -26.534,  26.954,   0.005,   0.007,   0.008,  5,        
1986-01-24T03:29:36.019Z,26829,44,  1,1,   0.089,   0.054,  -0.056,   0.118,   0.118, -28.254,  31.248,   0.005,   0.006,   0.004,  5,        
1986-01-24T03:30:24.019Z,26829,45,  1,1,   0.086,   0.049,  -0.058,   0.115,   0.115, -30.705,  29.600,   0.004,   0.005,   0.006,  5,        
1986-01-24T03:31:12.019Z,26829,46,  1,1,   0.074,   0.051,  -0.052,   0.104,   0.104, -30.172,  34.508,   0.006,   0.008,   0.008,  5,        
1986-01-24T03:32:00.019Z,26829,47,  1,1,   0.073,   0.040,  -0.034,   0.090,   0.091, -22.267,  29.041,   0.006,   0.013,   0.008,  5,        
1986-01-24T03:32:48.019Z,26829,48,  1,1,   0.071,   0.045,  -0.035,   0.091,   0.091, -22.353,  32.246,   0.005,   0.004,   0.002,  5,        
1986-01-24T03:33:36.019Z,26829,49,  1,1,   0.064,   0.059,  -0.027,   0.091,   0.091, -17.071,  42.440,   0.008,   0.005,   0.007,  5,        
1986-01-24T03:34:24.018Z,26829,50,  1,1,   0.064,   0.048,  -0.026,   0.084,   0.084, -18.229,  36.616,   0.005,   0.005,   0.003,  5,        
1986-01-24T03:35:12.018Z,26829,51,  1,1,   0.067,   0.023,  -0.018,   0.073,   0.074, -14.427,  18.990,   0.010,   0.010,   0.005,  5,        
1986-01-24T03:36:00.018Z,26829,52,  1,1,   0.082,   0.016,  -0.012,   0.085,   0.086,  -8.050,  11.172,   0.004,   0.006,   0.008,  5,        
1986-01-24T03:36:48.018Z,26829,53,  1,1,   0.057,   0.023,  -0.005,   0.061,   0.062,  -5.024,  22.125,   0.012,   0.006,   0.005,  5,        
1986-01-24T03:37:36.018Z,26829,54,  1,1,   0.045,   0.040,  -0.022,   0.064,   0.064, -19.731,  41.757,   0.003,   0.011,   0.004,  5,        
1986-01-24T03:38:24.018Z,26829,55,  1,1,   0.024,   0.052,  -0.007,   0.058,   0.060,  -7.201,  65.360,   0.015,   0.002,   0.009,  5,        
1986-01-24T03:39:12.018Z,26829,56,  1,1,   0.030,   0.026,  -0.036,   0.053,   0.056, -42.472,  41.212,   0.014,   0.010,   0.008,  5,        
1986-01-24T03:40:00.018Z,26829,57,  1,1,   0.058,   0.003,  -0.035,   0.068,   0.069, -31.346,   2.771,   0.008,   0.010,   0.003,  5,        
1986-01-24T03:40:48.018Z,26829,58,  1,1,   0.050,   0.029,  -0.033,   0.067,   0.071, -29.356,  30.157,   0.015,   0.018,   0.010,  5,        
1986-01-24T03:41:36.018Z,26829,59,  1,1,   0.019,   0.072,  -0.026,   0.078,   0.079, -19.309,  75.504,   0.005,   0.009,   0.005,  5,        
1986-01-24T03:42:24.018Z,26830, 0,  1,1,   0.011,   0.081,  -0.032,   0.088,   0.088, -21.097,  82.068,   0.005,   0.007,   0.005,  5,        
1986-01-24T03:43:12.018Z,26830, 1,  1,1,   0.042,   0.036,  -0.029,   0.062,   0.065, -27.696,  40.886,   0.008,   0.014,   0.012,  5,        
1986-01-24T03:44:00.018Z,26830, 2,  1,1,   0.031,   0.039,  -0.013,   0.051,   0.052, -14.421,  51.016,   0.002,   0.004,   0.009,  5,        
1986-01-24T03:44:48.018Z,26830, 3,  1,1,   0.030,   0.033,  -0.009,   0.045,   0.046, -11.280,  47.849,   0.004,   0.006,   0.007,  5,        
1986-01-24T03:45:36.018Z,26830, 4,  1,1,   0.033,   0.033,  -0.018,   0.050,   0.051, -20.845,  45.523,   0.006,   0.009,   0.004,  5,        
1986-01-24T03:46:24.018Z,26830, 5,  1,1,   0.018,   0.045,  -0.031,   0.058,   0.059, -32.600,  68.684,   0.008,   0.006,   0.005,  5,        
1986-01-24T03:47:12.018Z,26830, 6,  1,1,   0.036,   0.048,  -0.001,   0.060,   0.061,  -1.403,  52.579,   0.004,   0.008,   0.012,  5,        
1986-01-24T03:48:00.018Z,26830, 7,  1,1,   0.038,   0.032,  -0.015,   0.053,   0.056, -16.921,  40.070,   0.012,   0.011,   0.009,  5,        
1986-01-24T03:48:48.017Z,26830, 8,  1,1,   0.025,   0.028,  -0.019,   0.042,   0.043, -27.429,  48.688,   0.004,   0.004,   0.007,  5,        
1986-01-24T03:49:36.017Z,26830, 9,  1,1,   0.011,   0.045,  -0.017,   0.049,   0.050, -20.139,  76.582,   0.002,   0.009,   0.008,  5,        
1986-01-24T03:50:24.017Z,26830,10,  1,1,  -0.007,   0.044,  -0.030,   0.054,   0.055, -33.799,  98.481,   0.009,   0.005,   0.007,  5,        
1986-01-24T03:51:12.017Z,26830,11,  1,1,   0.008,   0.060,  -0.053,   0.080,   0.081, -40.921,  82.269,   0.006,   0.009,   0.012,  5,        
1986-01-24T03:52:00.017Z,26830,12,  1,1,   0.015,   0.042,  -0.060,   0.074,   0.075, -53.419,  70.599,   0.007,   0.010,   0.002,  5,        
1986-01-24T03:52:48.017Z,26830,13,  1,1,   0.019,   0.050,  -0.056,   0.078,   0.079, -46.341,  69.201,   0.012,   0.011,   0.006,  5,        
1986-01-24T03:53:36.017Z,26830,14,  1,1,   0.001,   0.050,  -0.049,   0.070,   0.071, -44.138,  88.941,   0.005,   0.011,   0.004,  5,        
1986-01-24T03:54:24.017Z,26830,15,  1,1,  -0.006,   0.073,  -0.063,   0.096,   0.098, -40.727,  94.893,   0.012,   0.022,   0.005,  5, O      
1986-01-24T03:55:12.017Z,26830,16,  1,1,  -0.020,   0.078,  -0.051,   0.096,   0.096, -32.276, 104.158,   0.006,   0.009,   0.003,  5,        
1986-01-24T03:56:00.017Z,26830,17,  1,1,  -0.011,   0.075,  -0.068,   0.101,   0.102, -41.858,  98.181,   0.008,   0.006,   0.004,  5,        
1986-01-24T03:56:48.017Z,26830,18,  1,1,   0.006,   0.063,  -0.065,   0.091,   0.092, -46.033,  84.984,   0.007,   0.003,   0.012,  5,        
1986-01-24T03:57:36.017Z,26830,19,  1,1,  -0.024,   0.080,  -0.059,   0.102,   0.103, -35.133, 106.555,   0.010,   0.008,   0.011,  5,        
1986-01-24T03:58:24.017Z,26830,20,  1,1,  -0.032,   0.065,  -0.069,   0.100,   0.100, -43.765, 115.967,   0.002,   0.004,   0.002,  5,        
1986-01-24T03:59:12.017Z,26830,21,  1,1,  -0.014,   0.052,  -0.065,   0.085,   0.085, -50.170, 105.348,   0.007,   0.006,   0.011,  5,        
1986-01-24T04:00:00.017Z,26830,22,  1,1,  -0.027,   0.038,  -0.033,   0.057,   0.058, -35.343, 125.916,   0.008,   0.002,   0.006,  5,        
1986-01-24T04:00:48.017Z,26830,23,  1,1,  -0.008,   0.050,  -0.037,   0.063,   0.066, -35.829,  98.759,   0.019,   0.008,   0.004,  5,        
1986-01-24T04:01:36.017Z,26830,24,  1,1,  -0.031,   0.031,  -0.069,   0.082,   0.083, -57.466, 134.687,   0.004,   0.012,   0.006,  5,        
1986-01-24T04:02:24.017Z,26830,25,  1,1,  -0.035,   0.032,  -0.052,   0.070,   0.071, -47.812, 137.281,   0.009,   0.004,   0.003,  5,        
1986-01-24T04:03:12.017Z,26830,26,  1,1,  -0.044,   0.048,  -0.036,   0.074,   0.075, -28.950, 132.395,   0.005,   0.007,   0.010,  5,        
1986-01-24T04:04:00.016Z,26830,27,  1,1,  -0.037,   0.057,  -0.031,   0.075,   0.075, -24.675, 123.139,   0.007,   0.002,   0.002,  5,        
1986-01-24T04:04:48.016Z,26830,28,  1,1,  -0.041,   0.074,  -0.044,   0.095,   0.095, -27.692, 119.062,   0.004,   0.005,   0.006,  5,        
1986-01-24T04:05:36.016Z,26830,29,  1,1,  -0.040,   0.072,  -0.053,   0.098,   0.098, -32.659, 119.419,   0.006,   0.005,   0.005,  5,        
1986-01-24T04:06:24.016Z,26830,30,  1,1,  -0.028,   0.077,  -0.054,   0.098,   0.098, -33.154, 110.284,   0.003,   0.004,   0.004,  5,        
1986-01-24T04:07:12.016Z,26830,31,  1,1,  -0.039,   0.069,  -0.053,   0.095,   0.096, -33.954, 119.382,   0.007,   0.001,   0.006,  5,        
1986-01-24T04:08:00.016Z,26830,32,  1,1,  -0.057,   0.055,  -0.050,   0.094,   0.095, -32.290, 136.272,   0.005,   0.011,   0.005,  5,        
1986-01-24T04:08:48.016Z,26830,33,  1,1,  -0.035,   0.031,  -0.065,   0.080,   0.081, -54.018, 138.155,   0.006,   0.009,   0.006,  5,        
1986-01-24T04:09:36.016Z,26830,34,  1,1,  -0.030,   0.050,  -0.063,   0.086,   0.086, -47.192, 120.816,   0.003,   0.009,   0.004,  5,        
1986-01-24T04:10:24.016Z,26830,35,  1,1,  -0.027,   0.032,  -0.054,   0.068,   0.069, -51.679, 130.317,   0.004,   0.007,   0.007,  5,        
1986-01-24T04:11:12.016Z,26830,36,  1,1,  -0.043,   0.043,  -0.052,   0.080,   0.082, -40.764, 135.486,   0.003,   0.012,   0.011,  5,        
1986-01-24T04:12:00.016Z,26830,37,  1,1,  -0.046,   0.034,  -0.059,   0.082,   0.082, -45.562, 143.529,   0.002,   0.009,   0.004,  5,        
1986-01-24T04:12:48.016Z,26830,38,  1,1,  -0.049,   0.042,  -0.032,   0.072,   0.077, -26.192, 139.299,   0.003,   0.021,   0.017,  5,        
1986-01-24T04:13:36.016Z,26830,39,  1,1,  -0.044,   0.071,  -0.025,   0.087,   0.088, -16.952, 121.856,   0.002,   0.011,   0.008,  5,        
1986-01-24T04:14:24.016Z,26830,40,  1,1,  -0.053,   0.078,  -0.029,   0.099,   0.100, -17.274, 124.229,   0.004,   0.011,   0.007,  5,        
1986-01-24T04:15:12.016Z,26830,41,  1,1,  -0.057,   0.064,  -0.046,   0.098,   0.098, -28.332, 131.788,   0.006,   0.003,   0.008,  5,        
1986-01-24T04:16:00.016Z,26830,42,  1,1,  -0.054,   0.048,  -0.057,   0.092,   0.092, -38.282, 137.934,   0.002,   0.008,   0.003,  5,        
1986-01-24T04:16:48.016Z,26830,43,  1,1,  -0.048,   0.044,  -0.064,   0.091,   0.091, -44.320, 137.261,   0.003,   0.005,   0.002,  5,        
1986-01-24T04:17:36.016Z,26830,44,  1,1,  -0.062,   0.054,  -0.051,   0.097,   0.097, -31.865, 138.651,   0.003,   0.006,   0.008,  5,        
1986-01-24T04:18:24.016Z,26830,45,  1,1,  -0.057,   0.046,  -0.078,   0.107,   0.107, -46.874, 140.944,   0.010,   0.008,   0.005,  5,        
1986-01-24T04:19:12.015Z,26830,46,  1,1,  -0.049,   0.074,  -0.085,   0.123,   0.123, -43.786, 123.573,   0.002,   0.003,   0.001,  2,T       
1986-01-24T04:20:00.015Z,26830,47,  1,1,  -0.061,   0.049,  -0.108,   0.134,   0.134, -53.913, 141.250,   0.005,   0.008,   0.006,  5,        
1986-01-24T04:20:48.015Z,26830,48,  1,1,  -0.061,   0.032,  -0.114,   0.133,   0.134, -58.769, 152.305,   0.004,   0.007,   0.004,  5,        
1986-01-24T04:21:36.015Z,26830,49,  1,1,  -0.086,   0.042,  -0.103,   0.141,   0.142, -46.888, 154.180,   0.008,   0.014,   0.007,  5,        
1986-01-24T04:22:24.015Z,26830,50,  1,1,  -0.048,   0.026,  -0.112,   0.125,   0.128, -63.947, 151.317,   0.024,   0.011,   0.012,  5,        
1986-01-24T04:23:12.015Z,26830,51,  1,1,  -0.029,   0.023,  -0.109,   0.115,   0.116, -71.374, 141.721,   0.005,   0.005,   0.005,  5,        
1986-01-24T04:24:00.015Z,26830,52,  1,1,  -0.021,   0.006,  -0.108,   0.110,   0.111, -78.723, 163.495,   0.002,   0.013,   0.010,  5,        
1986-01-24T04:24:48.015Z,26830,53,  1,1,  -0.038,   0.021,  -0.104,   0.113,   0.114, -67.352, 151.589,   0.005,   0.011,   0.006,  5,        
1986-01-24T04:25:36.015Z,26830,54,  1,1,  -0.051,   0.030,  -0.098,   0.115,   0.116, -59.050, 149.401,   0.013,   0.014,   0.006,  5,        
1986-01-24T04:26:24.015Z,26830,55,  1,1,  -0.054,   0.020,  -0.109,   0.123,   0.123, -62.238, 159.090,   0.006,   0.009,   0.012,  5,        
1986-01-24T04:27:12.015Z,26830,56,  1,1,  -0.035,   0.009,  -0.078,   0.086,   0.086, -65.419, 165.243,   0.006,   0.007,   0.006,  5,        
1986-01-24T04:28:00.015Z,26830,57,  1,1,  -0.035,   0.015,  -0.099,   0.106,   0.107, -68.887, 156.068,   0.010,   0.007,   0.008,  5,        
1986-01-24T04:28:48.015Z,26830,58,  1,1,  -0.033,  -0.019,  -0.089,   0.097,   0.100, -66.837, 210.324,   0.017,   0.022,   0.003,  5,        
1986-01-24T04:29:36.015Z,26830,59,  1,1,  -0.004,  -0.054,  -0.068,   0.087,   0.088, -51.340, 265.869,   0.006,   0.007,   0.009,  5,        
1986-01-24T04:30:24.015Z,26831, 0,  1,1,   0.002,  -0.058,  -0.060,   0.084,   0.084, -46.018, 272.400,   0.003,   0.006,   0.006,  5,        
1986-01-24T04:31:12.015Z,26831, 1,  1,1,   0.003,  -0.074,  -0.032,   0.080,   0.081, -23.376, 272.180,   0.007,   0.003,   0.011,  5,        
1986-01-24T04:32:00.015Z,26831, 2,  1,1,  -0.015,  -0.045,  -0.041,   0.063,   0.067, -40.794, 252.102,   0.015,   0.014,   0.012,  5,        
1986-01-24T04:32:48.015Z,26831, 3,  1,1,  -0.032,  -0.045,  -0.063,   0.084,   0.085, -48.900, 234.500,   0.009,   0.013,   0.003,  5,        
1986-01-24T04:33:36.015Z,26831, 4,  1,1,  -0.002,  -0.052,  -0.057,   0.078,   0.086, -47.738, 267.841,   0.024,   0.021,   0.023,  5,        
1986-01-24T04:34:24.014Z,26831, 5,  1,1,   0.019,  -0.078,  -0.047,   0.093,   0.095, -30.350, 283.415,   0.005,   0.012,   0.016,  5,        
1986-01-24T04:35:12.014Z,26831, 6,  1,1,   0.004,  -0.083,  -0.033,   0.089,   0.092, -21.731, 272.742,   0.011,   0.010,   0.016,  5,        
1986-01-24T04:36:00.014Z,26831, 7,  1,1,   0.007,  -0.072,  -0.028,   0.077,   0.082, -21.478, 275.968,   0.006,   0.019,   0.019,  5,        
1986-01-24T04:36:48.014Z,26831, 8,  1,1,  -0.013,  -0.073,  -0.025,   0.079,   0.080, -18.950, 259.964,   0.009,   0.008,   0.009,  5,        
1986-01-24T04:37:36.014Z,26831, 9,  1,1,   0.008,  -0.076,  -0.041,   0.086,   0.086, -28.323, 276.191,   0.000,   0.004,   0.000,  2,T       
1986-01-24T04:38:24.014Z,26831,10,  1,1,   0.004,  -0.067,  -0.034,   0.076,   0.076, -26.970, 273.498,   0.003,   0.010,   0.006,  5,        
1986-01-24T04:39:12.014Z,26831,11,  1,1,   0.009,  -0.064,  -0.028,   0.070,   0.071, -23.766, 278.044,   0.006,   0.016,   0.012,  5,        
1986-01-24T04:40:00.014Z,26831,12,  1,1,   0.025,  -0.073,  -0.038,   0.086,   0.086, -26.093, 289.014,   0.004,   0.007,   0.007,  5,        
1986-01-24T04:40:48.014Z,26831,13,  1,1,   0.014,  -0.071,  -0.036,   0.081,   0.082, -26.376, 281.146,   0.006,   0.009,   0.006,  5,        
1986-01-24T04:41:36.014Z,26831,14,  1,1,   0.007,  -0.056,  -0.047,   0.073,   0.076, -40.036, 277.322,   0.004,   0.019,   0.007,  5,        
1986-01-24T04:42:24.014Z,26831,15,  1,1,   0.002,  -0.089,  -0.041,   0.098,   0.099, -24.554, 271.182,   0.009,   0.019,   0.006,  5,        
1986-01-24T04:43:12.014Z,26831,16,  1,1,  -0.006,  -0.093,  -0.056,   0.109,   0.109, -30.913, 266.351,   0.007,   0.010,   0.009,  5,        
1986-01-24T04:44:00.014Z,26831,17,  1,1,   0.000,  -0.076,  -0.064,   0.099,   0.102, -40.150, 270.115,   0.012,   0.020,   0.013,  5,        
1986-01-24T04:44:48.014Z,26831,18,  1,1,  -0.013,  -0.019,  -0.078,   0.081,   0.086, -73.618, 234.878,   0.007,   0.025,   0.013,  5,        
1986-01-24T04:45:36.014Z,26831,19,  1,1,   0.008,  -0.046,  -0.016,   0.050,   0.051, -18.371, 280.184,   0.005,   0.010,   0.008,  5,        
1986-01-24T04:46:24.014Z,26831,20,  1,1,  -0.030,  -0.023,  -0.044,   0.058,   0.060, -49.734, 217.616,   0.016,   0.013,   0.008,  5,        
1986-01-24T04:47:12.014Z,26831,21,  1,1,  -0.040,  -0.016,  -0.065,   0.078,   0.083, -56.709, 201.945,   0.009,   0.025,   0.016,  5,        
1986-01-24T04:48:00.014Z,26831,22,  1,1,  -0.058,   0.025,  -0.023,   0.067,   0.068, -19.905, 156.631,   0.005,   0.010,   0.010,  5,        
1986-01-24T04:48:48.014Z,26831,23,  1,1,  -0.053,   0.030,  -0.041,   0.073,   0.074, -34.348, 150.616,   0.005,   0.010,   0.010,  5,        
1986-01-24T04:49:36.013Z,26831,24,  1,1,  -0.057,   0.026,  -0.029,   0.069,   0.070, -25.218, 155.880,   0.002,   0.005,   0.010,  5,        
1986-01-24T04:50:24.013Z,26831,25,  1,1,  -0.052,   0.025,  -0.040,   0.070,   0.071, -34.871, 154.791,   0.007,   0.003,   0.009,  5,        
1986-01-24T04:51:12.013Z,26831,26,  1,1,  -0.046,   0.013,  -0.040,   0.063,   0.063, -39.987, 164.333,   0.003,   0.008,   0.008,  5,        
1986-01-24T04:52:00.013Z,26831,27,  1,1,  -0.042,   0.036,  -0.068,   0.087,   0.088, -50.955, 139.661,   0.003,   0.008,   0.009,  5,        
1986-01-24T04:52:48.013Z,26831,28,  1,1,  -0.043,   0.043,  -0.071,   0.093,   0.094, -49.672, 135.097,   0.005,   0.014,   0.006,  5,        
1986-01-24T04:53:36.013Z,26831,29,  1,1,  -0.037,   0.053,  -0.065,   0.092,   0.093, -45.309, 124.793,   0.010,   0.006,   0.004,  5,        
1986-01-24T04:54:24.013Z,26831,30,  1,1,  -0.018,   0.052,  -0.081,   0.098,   0.098, -55.789, 108.940,   0.004,   0.005,   0.006,  5,        
1986-01-24T04:55:12.013Z,26831,31,  1,1,  -0.013,   0.041,  -0.085,   0.095,   0.096, -63.342, 108.177,   0.010,   0.008,   0.007,  5,        
1986-01-24T04:56:00.013Z,26831,32,  1,1,  -0.032,   0.056,  -0.077,   0.101,   0.101, -50.302, 119.699,   0.006,   0.014,   0.009,  5,        
1986-01-24T04:56:48.013Z,26831,33,  1,1,  -0.020,   0.049,  -0.076,   0.093,   0.094, -55.349, 112.586,   0.012,   0.012,   0.001,  5,        
1986-01-24T04:57:36.013Z,26831,34,  1,1,  -0.000,   0.053,  -0.093,   0.107,   0.107, -60.108,  90.360,   0.011,   0.005,   0.006,  5,        
1986-01-24T04:58:24.013Z,26831,35,  1,1,   0.012,   0.041,  -0.098,   0.107,   0.107, -66.295,  73.671,   0.002,   0.007,   0.004,  5,        
1986-01-24T04:59:12.013Z,26831,36,  1,1,   0.019,   0.041,  -0.113,   0.121,   0.122, -68.037,  65.469,   0.006,   0.002,   0.011,  5,        
1986-01-24T05:00:00.013Z,26831,37,  1,1,   0.007,   0.056,  -0.107,   0.121,   0.121, -62.228,  82.371,   0.003,   0.004,   0.007,  5,        
1986-01-24T05:00:48.013Z,26831,38,  1,1,   0.022,   0.045,  -0.108,   0.119,   0.119, -65.298,  63.852,   0.004,   0.006,   0.002,  5,        
1986-01-24T05:01:36.013Z,26831,39,  1,1,   0.027,   0.048,  -0.106,   0.120,   0.120, -62.599,  60.162,   0.006,   0.004,   0.004,  5,        
1986-01-24T05:02:24.013Z,26831,40,  1,1,   0.025,   0.050,  -0.106,   0.120,   0.120, -62.126,  63.836,   0.007,   0.004,   0.003,  5,        
1986-01-24T05:03:12.013Z,26831,41,  1,1,   0.025,   0.031,  -0.094,   0.102,   0.102, -67.111,  51.517,   0.009,   0.006,   0.005,  5,        
1986-01-24T05:04:00.013Z,26831,42,  1,1,   0.037,   0.030,  -0.093,   0.105,   0.105, -62.841,  39.431,   0.007,   0.003,   0.003,  5,        
1986-01-24T05:04:48.012Z,26831,43,  1,1,   0.027,   0.043,  -0.101,   0.113,   0.115, -63.563,  57.498,   0.017,   0.007,   0.009,  5,        
1986-01-24T05:05:36.012Z,26831,44,  1,1,   0.023,   0.047,  -0.107,   0.119,   0.120, -63.879,  64.134,   0.007,   0.003,   0.005,  5,        
1986-01-24T05:06:24.012Z,26831,45,  1,1,   0.033,   0.051,  -0.101,   0.118,   0.118, -58.787,  56.799,   0.003,   0.007,   0.004,  5,        
1986-01-24T05:07:12.012Z,26831,46,  1,1,   0.030,   0.057,  -0.109,   0.127,   0.128, -59.390,  62.316,   0.011,   0.007,   0.007,  5,        
1986-01-24T05:08:00.012Z,26831,47,  1,1,   0.024,   0.052,  -0.107,   0.122,   0.122, -61.993,  64.852,   0.005,   0.006,   0.007,  5,        
1986-01-24T05:08:48.012Z,26831,48,  1,1,   0.021,   0.050,  -0.108,   0.121,   0.122, -63.355,  67.726,   0.002,   0.013,   0.004,  5,        
1986-01-24T05:09:36.012Z,26831,49,  1,1,   0.025,   0.042,  -0.111,   0.121,   0.121, -66.189,  59.557,   0.004,   0.006,   0.003,  5,        
1986-01-24T05:10:24.012Z,26831,50,  1,1,   0.021,   0.053,  -0.112,   0.126,   0.126, -62.925,  68.302,   0.004,   0.005,   0.005,  5,        
1986-01-24T05:11:12.012Z,26831,51,  1,1,   0.010,   0.069,  -0.112,   0.132,   0.133, -57.982,  82.016,   0.009,   0.010,   0.004,  5,        
1986-01-24T05:12:00.012Z,26831,52,  1,1,  -0.004,   0.084,  -0.110,   0.138,   0.138, -52.517,  92.803,   0.005,   0.006,   0.002,  5,        
1986-01-24T05:12:48.012Z,26831,53,  1,1,   0.005,   0.084,  -0.116,   0.143,   0.143, -53.922,  86.656,   0.007,   0.005,   0.004,  5,        
1986-01-24T05:13:36.012Z,26831,54,  1,1,   0.021,   0.056,  -0.109,   0.125,   0.125, -61.226,  69.870,   0.007,   0.010,   0.004,  5,        
1986-01-24T05:14:24.012Z,26831,55,  1,1,   0.048,   0.030,  -0.100,   0.115,   0.115, -60.242,  32.251,   0.006,   0.007,   0.006,  5,        
1986-01-24T05:15:12.012Z,26831,56,  1,1,   0.029,  -0.000,  -0.081,   0.086,   0.087, -70.054, 359.521,   0.007,   0.009,   0.006,  5, O      
1986-01-24T05:16:00.012Z,26831,57,  1,1,   0.022,  -0.027,  -0.072,   0.080,   0.082, -64.150, 309.132,   0.011,   0.009,   0.008,  5,        
1986-01-24T05:16:48.012Z,26831,58,  1,1,  -0.008,  -0.000,  -0.050,   0.051,   0.054, -81.240, 182.208,   0.014,   0.008,   0.013,  5,        
1986-01-24T05:17:36.012Z,26831,59,  1,1,  -0.029,   0.015,  -0.038,   0.050,   0.052, -49.264, 153.068,   0.008,   0.011,   0.014,  5,        
1986-01-24T05:18:24.012Z,26832, 0,  1,1,  -0.033,  -0.003,  -0.045,   0.056,   0.058, -53.773, 185.479,   0.004,   0.013,   0.008,  5,        
1986-01-24T05:19:12.012Z,26832, 1,  1,1,  -0.011,   0.001,  -0.068,   0.069,   0.072, -80.708, 173.121,   0.011,   0.015,   0.010,  5,        
1986-01-24T05:20:00.011Z,26832, 2,  1,1,   0.007,   0.018,  -0.068,   0.071,   0.071, -74.421,  68.940,   0.001,   0.007,   0.005,  5,        
1986-01-24T05:20:48.011Z,26832, 3,  1,1,  -0.001,   0.011,  -0.081,   0.082,   0.082, -82.069,  95.203,   0.002,   0.004,   0.004,  5,        
1986-01-24T05:21:36.011Z,26832, 4,  1,1,   0.016,   0.006,  -0.079,   0.081,   0.081, -78.071,  21.282,   0.003,   0.004,   0.006,  5,        
1986-01-24T05:22:24.011Z,26832, 5,  1,1,   0.021,  -0.010,  -0.072,   0.075,   0.075, -71.907, 335.963,   0.004,   0.003,   0.004,  5,        
1986-01-24T05:23:12.011Z,26832, 6,  1,1,   0.020,  -0.016,  -0.057,   0.062,   0.066, -65.601, 321.878,   0.011,   0.013,   0.020,  5,        
1986-01-24T05:24:00.011Z,26832, 7,  1,1,  -0.017,  -0.025,  -0.023,   0.037,   0.038, -37.211, 236.164,   0.007,   0.006,   0.002,  5,        
1986-01-24T05:24:48.011Z,26832, 8,  1,1,   0.019,  -0.022,  -0.035,   0.046,   0.047, -49.728, 310.935,   0.008,   0.005,   0.004,  5,        
1986-01-24T05:25:36.011Z,26832, 9,  1,1,   0.030,  -0.015,  -0.029,   0.045,   0.045, -41.435, 334.205,   0.003,   0.009,   0.004,  5,        
1986-01-24T05:26:24.011Z,26832,10,  1,1,   0.006,  -0.007,  -0.030,   0.031,   0.032, -72.408, 307.872,   0.008,   0.002,   0.004,  5,        
1986-01-24T05:27:12.011Z,26832,11,  1,1,  -0.015,   0.000,  -0.037,   0.040,   0.041, -68.147, 179.707,   0.008,   0.007,   0.002,  5,        
1986-01-24T05:28:00.011Z,26832,12,  1,1,  -0.025,  -0.011,  -0.032,   0.042,   0.043, -49.882, 203.235,   0.003,   0.006,   0.004,  5,        
1986-01-24T05:28:48.011Z,26832,13,  1,1,  -0.009,  -0.006,  -0.040,   0.042,   0.042, -74.588, 211.892,   0.002,   0.008,   0.004,  5,        
1986-01-24T05:29:36.011Z,26832,14,  1,1,  -0.010,  -0.014,  -0.040,   0.043,   0.044, -66.847, 235.187,   0.004,   0.004,   0.004,  5,        
1986-01-24T05:30:24.011Z,26832,15,  1,1,  -0.010,  -0.013,  -0.037,   0.041,   0.041, -66.149, 232.678,   0.005,   0.005,   0.004,  5,        
1986-01-24T05:31:12.011Z,26832,16,  1,1,  -0.015,   0.007,  -0.045,   0.048,   0.049, -70.218, 156.110,   0.005,   0.013,   0.006,  5,        
1986-01-24T05:32:00.011Z,26832,17,  1,1,  -0.008,   0.031,  -0.064,   0.072,   0.073, -63.757, 105.440,   0.009,   0.003,   0.010,  5,        
1986-01-24T05:32:48.011Z,26832,18,  1,1,  -0.004,  -0.014,  -0.040,   0.042,   0.048, -70.327, 252.926,   0.015,   0.015,   0.014,  5,        
1986-01-24T05:33:36.011Z,26832,19,  1,1,   0.013,  -0.003,  -0.052,   0.054,   0.055, -75.146, 348.445,   0.007,   0.009,   0.007,  5,        
1986-01-24T05:34:24.010Z,26832,20,  1,1,   0.015,  -0.025,  -0.047,   0.055,   0.056, -58.258, 300.218,   0.002,   0.004,   0.009,  5,        
1986-01-24T05:35:12.010Z,26832,21,  1,1,   0.014,  -0.027,  -0.054,   0.062,   0.063, -60.351, 296.972,   0.004,   0.004,   0.003,  5,        
1986-01-24T05:36:00.010Z,26832,22,  1,1,   0.018,  -0.038,  -0.040,   0.058,   0.059, -43.373, 295.365,   0.006,   0.006,   0.006,  5,        
1986-01-24T05:36:48.010Z,26832,23,  1,1,   0.005,  -0.023,  -0.048,   0.053,   0.053, -63.986, 283.087,   0.003,   0.005,   0.006,  5,        
1986-01-24T05:37:36.010Z,26832,24,  1,1,   0.002,  -0.027,  -0.038,   0.047,   0.047, -54.995, 274.719,   0.002,   0.002,   0.006,  5,        
1986-01-24T05:38:24.010Z,26832,25,  1,1,  -0.004,  -0.018,  -0.042,   0.046,   0.047, -66.192, 257.554,   0.007,   0.005,   0.012,  5,        
1986-01-24T05:39:12.010Z,26832,26,  1,1,  -0.003,  -0.018,  -0.045,   0.049,   0.050, -67.692, 259.658,   0.007,   0.007,   0.006,  5,        
1986-01-24T05:40:00.010Z,26832,27,  1,1,  -0.010,  -0.021,  -0.047,   0.053,   0.053, -63.950, 245.247,   0.005,   0.003,   0.004,  5,        
1986-01-24T05:40:48.010Z,26832,28,  1,1,  -0.009,  -0.018,  -0.048,   0.052,   0.053, -67.341, 244.927,   0.007,   0.005,   0.006,  5,        
1986-01-24T05:41:36.010Z,26832,29,  1,1,  -0.011,  -0.008,  -0.059,   0.060,   0.060, -77.541, 215.987,   0.001,   0.004,   0.002,  5,        
1986-01-24T05:42:24.010Z,26832,30,  1,1,  -0.002,   0.004,  -0.066,   0.066,   0.066, -85.897, 116.168,   0.004,   0.005,   0.008,  5,        
1986-01-24T05:43:12.010Z,26832,31,  1,1,  -0.009,  -0.006,  -0.043,   0.044,   0.046, -75.739, 212.848,   0.007,   0.007,   0.012,  5,        
1986-01-24T05:44:00.010Z,26832,32,  1,1,  -0.019,  -0.006,  -0.045,   0.049,   0.050, -66.257, 197.821,   0.003,   0.009,   0.005,  5,        
1986-01-24T05:44:48.010Z,26832,33,  1,1,  -0.016,   0.026,  -0.070,   0.076,   0.077, -66.119, 121.231,   0.004,   0.009,   0.011,  5,        
1986-01-24T05:45:36.010Z,26832,34,  1,1,  -0.021,   0.006,  -0.071,   0.074,   0.074, -73.240, 164.158,   0.004,   0.005,   0.006,  5,        
1986-01-24T05:46:24.010Z,26832,35,  1,1,  -0.022,   0.000,  -0.075,   0.078,   0.078, -73.505, 179.404,   0.008,   0.002,   0.011,  5,        
1986-01-24T05:47:12.010Z,26832,36,  1,1,  -0.026,   0.015,  -0.092,   0.097,   0.097, -72.216, 150.356,   0.006,   0.010,   0.003,  5,        
1986-01-24T05:48:00.010Z,26832,37,  1,1,  -0.031,   0.028,  -0.091,   0.100,   0.100, -65.452, 137.867,   0.004,   0.006,   0.005,  5,        
1986-01-24T05:48:48.010Z,26832,38,  1,1,  -0.034,   0.033,  -0.091,   0.103,   0.103, -62.712, 135.380,   0.003,   0.004,   0.004,  5,        
1986-01-24T05:49:36.009Z,26832,39,  1,1,  -0.030,   0.021,  -0.081,   0.089,   0.089, -65.570, 145.574,   0.002,   0.009,   0.005,  5,        
1986-01-24T05:50:24.009Z,26832,40,  1,1,  -0.032,   0.029,  -0.072,   0.084,   0.085, -59.020, 137.950,   0.004,   0.002,   0.006,  5,        
1986-01-24T05:51:12.009Z,26832,41,  1,1,  -0.023,   0.034,  -0.098,   0.106,   0.106, -66.977, 124.408,   0.006,   0.005,   0.010,  5,        
1986-01-24T05:52:00.009Z,26832,42,  1,1,  -0.025,   0.029,  -0.099,   0.106,   0.107, -68.887, 130.602,   0.005,   0.009,   0.011,  5,        
1986-01-24T05:52:48.009Z,26832,43,  1,1,  -0.032,   0.032,  -0.065,   0.079,   0.080, -55.539, 134.901,   0.008,   0.007,   0.002,  5,        
1986-01-24T05:53:36.009Z,26832,44,  1,1,  -0.026,   0.029,  -0.079,   0.088,   0.089, -63.694, 132.233,   0.003,   0.010,   0.010,  5,        
1986-01-24T05:54:24.009Z,26832,45,  1,1,  -0.038,   0.036,  -0.087,   0.102,   0.102, -59.129, 136.675,   0.009,   0.012,   0.005,  5,        
1986-01-24T05:55:12.009Z,26832,46,  1,1,  -0.040,   0.056,  -0.081,   0.106,   0.107, -49.441, 125.499,   0.005,   0.002,   0.005,  5,        
1986-01-24T05:56:00.009Z,26832,47,  1,1,  -0.047,   0.051,  -0.079,   0.105,   0.106, -48.828, 132.549,   0.007,   0.005,   0.008,  5,        
1986-01-24T05:56:48.009Z,26832,48,  1,1,  -0.053,   0.055,  -0.076,   0.108,   0.109, -44.688, 133.604,   0.013,   0.006,   0.010,  5,        
1986-01-24T05:57:36.009Z,26832,49,  1,1,  -0.014,   0.043,  -0.096,   0.106,   0.107, -65.018, 108.188,   0.010,   0.004,   0.011,  5,        
1986-01-24T05:58:24.009Z,26832,50,  1,1,  -0.018,   0.014,  -0.097,   0.099,   0.100, -76.691, 142.404,   0.013,   0.007,   0.007,  5,        
1986-01-24T05:59:12.009Z,26832,51,  1,1,  -0.033,  -0.001,  -0.061,   0.069,   0.071, -61.276, 180.918,   0.004,   0.006,   0.018,  5,        
1986-01-24T06:00:00.009Z,26832,52,  1,1,  -0.032,  -0.010,  -0.047,   0.058,   0.058, -54.891, 197.013,   0.004,   0.003,   0.005,  5,        
1986-01-24T06:00:48.009Z,26832,53,  1,1,  -0.027,   0.002,  -0.057,   0.063,   0.065, -64.603, 175.489,   0.006,   0.013,   0.013,  5,        
1986-01-24T06:01:36.009Z,26832,54,  1,1,  -0.019,   0.027,  -0.072,   0.079,   0.080, -65.433, 125.119,   0.005,   0.005,   0.009,  5,        
1986-01-24T06:02:24.009Z,26832,55,  1,1,  -0.020,   0.007,  -0.071,   0.074,   0.074, -73.014, 160.026,   0.007,   0.004,   0.010,  5,        
1986-01-24T06:03:12.009Z,26832,56,  1,1,  -0.030,  -0.001,  -0.068,   0.074,   0.074, -66.324, 182.351,   0.006,   0.004,   0.009,  5,        
1986-01-24T06:04:00.009Z,26832,57,  1,1,  -0.037,   0.004,  -0.065,   0.074,   0.075, -60.201, 174.388,   0.003,   0.011,   0.005,  5,        
1986-01-24T06:04:48.008Z,26832,58,  1,1,  -0.040,   0.000,  -0.051,   0.065,   0.065, -52.071, 179.791,   0.008,   0.006,   0.003,  5,        
1986-01-24T06:05:36.008Z,26832,59,  1,1,  -0.035,   0.020,  -0.059,   0.072,   0.072, -55.720, 150.689,   0.004,   0.008,   0.011,  5,        
1986-01-24T06:06:24.008Z,26833, 0,  1,1,  -0.035,   0.022,  -0.065,   0.077,   0.078, -57.420, 147.634,   0.004,   0.010,   0.006,  5,        
1986-01-24T06:07:12.008Z,26833, 1,  1,1,  -0.038,   0.038,  -0.064,   0.084,   0.084, -50.109, 135.091,   0.003,   0.007,   0.004,  5,        
1986-01-24T06:08:00.008Z,26833, 2,  1,1,  -0.037,   0.044,  -0.085,   0.102,   0.104, -55.834, 129.819,   0.001,   0.010,   0.015,  5,        
1986-01-24T06:08:48.008Z,26833, 3,  1,1,  -0.023,   0.025,  -0.089,   0.095,   0.096, -69.182, 132.223,   0.009,   0.009,   0.016,  5,        
1986-01-24T06:09:36.008Z,26833, 4,  1,1,  -0.038,   0.031,  -0.051,   0.071,   0.071, -45.841, 141.299,   0.005,   0.006,   0.008,  5,        
1986-01-24T06:10:24.008Z,26833, 5,  1,1,  -0.031,   0.011,  -0.069,   0.077,   0.078, -64.584, 161.321,   0.003,   0.011,   0.009,  5,        
1986-01-24T06:11:12.008Z,26833, 6,  1,1,  -0.034,   0.013,  -0.069,   0.078,   0.078, -61.860, 159.123,   0.008,   0.008,   0.002,  5,        
1986-01-24T06:12:00.008Z,26833, 7,  1,1,  -0.044,   0.017,  -0.063,   0.079,   0.079, -53.209, 158.769,   0.003,   0.006,   0.007,  5,        
1986-01-24T06:12:48.008Z,26833, 8,  1,1,  -0.049,   0.038,  -0.061,   0.087,   0.087, -44.390, 142.597,   0.004,   0.011,   0.008,  5,        
1986-01-24T06:13:36.008Z,26833, 9,  1,1,  -0.035,   0.018,  -0.066,   0.076,   0.078, -59.203, 152.460,   0.009,   0.018,   0.014,  5,        
1986-01-24T06:14:24.008Z,26833,10,  1,1,  -0.024,  -0.021,  -0.008,   0.033,   0.034, -14.274, 220.860,   0.003,   0.006,   0.010,  5,        
1986-01-24T06:15:12.008Z,26833,11,  1,1,  -0.032,  -0.017,  -0.028,   0.046,   0.047, -37.382, 207.438,   0.005,   0.003,   0.006,  5, O      
1986-01-24T06:16:00.008Z,26833,12,  1,1,   0.000,  -0.009,  -0.061,   0.062,   0.064, -81.862, 270.180,   0.013,   0.010,   0.011,  5,        
1986-01-24T06:16:48.008Z,26833,13,  1,1,   0.040,  -0.039,  -0.060,   0.082,   0.087, -47.333, 315.787,   0.008,   0.026,   0.015,  5,        
1986-01-24T06:17:36.008Z,26833,14,  1,1,   0.050,  -0.064,  -0.073,   0.109,   0.110, -42.295, 307.959,   0.001,   0.008,   0.008,  5,        
1986-01-24T06:18:24.008Z,26833,15,  1,1,   0.059,  -0.055,  -0.072,   0.108,   0.109, -41.509, 316.748,   0.011,   0.012,   0.007,  5,        
1986-01-24T06:19:12.008Z,26833,16,  1,1,   0.041,  -0.031,  -0.097,   0.110,   0.111, -62.264, 322.875,   0.008,   0.005,   0.006,  5,        
1986-01-24T06:20:00.007Z,26833,17,  1,1,   0.033,  -0.037,  -0.094,   0.106,   0.107, -62.349, 311.837,   0.006,   0.009,   0.005,  5,        
1986-01-24T06:20:48.007Z,26833,18,  1,1,   0.057,  -0.061,  -0.067,   0.107,   0.109, -38.629, 313.321,   0.012,   0.024,   0.010,  5,        
1986-01-24T06:21:36.007Z,26833,19,  1,1,   0.069,  -0.076,  -0.056,   0.117,   0.118, -28.530, 312.249,   0.008,   0.012,   0.006,  5,        
1986-01-24T06:22:24.007Z,26833,20,  1,1,   0.038,  -0.052,  -0.064,   0.091,   0.092, -44.841, 306.241,   0.010,   0.010,   0.006,  5,        
1986-01-24T06:23:12.007Z,26833,21,  1,1,   0.025,  -0.045,  -0.046,   0.069,   0.070, -42.065, 298.648,   0.008,   0.003,   0.003,  5,        
1986-01-24T06:24:00.007Z,26833,22,  1,1,   0.007,  -0.024,  -0.064,   0.069,   0.072, -68.658, 285.863,   0.008,   0.016,   0.010,  5,        
1986-01-24T06:24:48.007Z,26833,23,  1,1,   0.003,  -0.015,  -0.074,   0.075,   0.077, -78.127, 281.403,   0.008,   0.014,   0.007,  5,        
1986-01-24T06:25:36.007Z,26833,24,  1,1,   0.008,  -0.021,  -0.041,   0.047,   0.050, -61.518, 290.099,   0.006,   0.005,   0.027,  5,        
1986-01-24T06:26:24.007Z,26833,25,  1,1,  -0.003,  -0.012,  -0.033,   0.035,   0.036, -69.310, 256.674,   0.005,   0.005,   0.006,  5,        
1986-01-24T06:27:12.007Z,26833,26,  1,1,  -0.016,  -0.006,  -0.050,   0.053,   0.054, -71.590, 199.987,   0.006,   0.007,   0.007,  5,        
1986-01-24T06:28:00.007Z,26833,27,  1,1,   0.006,   0.008,  -0.069,   0.070,   0.071, -81.832,  49.341,   0.007,   0.007,   0.003,  5,        
1986-01-24T06:28:48.007Z,26833,28,  1,1,   0.009,  -0.017,  -0.083,   0.086,   0.087, -76.589, 298.213,   0.011,   0.012,   0.002,  5,        
1986-01-24T06:29:36.007Z,26833,29,  1,1,   0.043,  -0.050,  -0.073,   0.098,   0.098, -47.655, 311.049,   0.005,   0.006,   0.009,  5,        
1986-01-24T06:30:24.007Z,26833,30,  1,1,   0.057,  -0.057,  -0.055,   0.098,   0.098, -34.128, 314.778,   0.009,   0.011,   0.006,  5,        
1986-01-24T06:31:12.007Z,26833,31,  1,1,   0.031,  -0.051,  -0.049,   0.077,   0.078, -39.613, 301.190,   0.006,   0.004,   0.005,  5,        
1986-01-24T06:32:00.007Z,26833,32,  1,1,   0.045,  -0.074,  -0.071,   0.112,   0.113, -39.294, 301.112,   0.008,   0.007,   0.006,  5,        
1986-01-24T06:32:48.007Z,26833,33,  1,1,   0.061,  -0.078,  -0.079,   0.127,   0.127, -38.430, 308.215,   0.003,   0.005,   0.001,  5,        
1986-01-24T06:33:36.007Z,26833,34,  1,1,   0.058,  -0.080,  -0.067,   0.120,   0.120, -34.137, 306.122,   0.007,   0.004,   0.005,  5,        
1986-01-24T06:34:24.007Z,26833,35,  1,1,   0.065,  -0.062,  -0.076,   0.117,   0.118, -40.271, 316.584,   0.014,   0.006,   0.005,  5,        
1986-01-24T06:35:12.006Z,26833,36,  1,1,   0.067,  -0.075,  -0.081,   0.129,   0.130, -38.782, 311.634,   0.012,   0.007,   0.004,  5,        
1986-01-24T06:36:00.006Z,26833,37,  1,1,   0.072,  -0.052,  -0.081,   0.120,   0.120, -42.463, 324.267,   0.008,   0.007,   0.007,  5,        
1986-01-24T06:36:48.006Z,26833,38,  1,1,   0.050,  -0.044,  -0.060,   0.090,   0.090, -42.201, 318.560,   0.006,   0.009,   0.004,  5,        
1986-01-24T06:37:36.006Z,26833,39,  1,1,   0.064,  -0.088,  -0.063,   0.126,   0.126, -30.068, 306.231,   0.007,   0.012,   0.005,  5,        
1986-01-24T06:38:24.006Z,26833,40,  1,1,   0.083,  -0.119,  -0.083,   0.167,   0.167, -29.786, 304.884,   0.004,   0.015,   0.004,  5,        
1986-01-24T06:39:12.006Z,26833,41,  1,1,   0.054,  -0.045,  -0.095,   0.118,   0.121, -53.602, 320.530,   0.008,   0.025,   0.009,  5,        
1986-01-24T06:40:00.006Z,26833,42,  1,1,   0.023,   0.004,  -0.109,   0.111,   0.112, -77.780,   9.697,   0.006,   0.009,   0.009,  5,        
1986-01-24T06:40:48.006Z,26833,43,  1,1,  -0.001,   0.008,  -0.087,   0.087,   0.087, -84.548,  97.864,   0.004,   0.003,   0.005,  5,        
1986-01-24T06:41:36.006Z,26833,44,  1,1,   0.005,   0.032,  -0.095,   0.100,   0.101, -71.029,  81.922,   0.008,   0.004,   0.013,  5,        
1986-01-24T06:42:24.006Z,26833,45,  1,1,  -0.009,   0.020,  -0.081,   0.084,   0.086, -74.563, 112.998,   0.010,   0.012,   0.016,  5,        
1986-01-24T06:43:12.006Z,26833,46,  1,1,  -0.033,   0.040,  -0.064,   0.083,   0.087, -51.076, 129.466,   0.027,   0.010,   0.010,  5,        
1986-01-24T06:44:00.006Z,26833,47,  1,1,  -0.077,   0.056,  -0.042,   0.104,   0.105, -23.642, 143.705,   0.008,   0.016,   0.009,  5,        
1986-01-24T06:44:48.006Z,26833,48,  1,1,  -0.049,   0.026,  -0.037,   0.067,   0.077, -33.806, 152.171,   0.027,   0.024,   0.020,  5,        
1986-01-24T06:45:36.006Z,26833,49,  1,1,   0.042,  -0.042,  -0.077,   0.097,   0.100, -52.514, 314.928,   0.018,   0.018,   0.006,  5,        
1986-01-24T06:46:24.006Z,26833,50,  1,1,   0.037,  -0.063,  -0.088,   0.114,   0.115, -49.986, 300.491,   0.010,   0.009,   0.002,  5,        
1986-01-24T06:47:12.006Z,26833,51,  1,1,   0.047,  -0.085,  -0.087,   0.130,   0.131, -41.913, 299.220,   0.002,   0.010,   0.002,  5,        
1986-01-24T06:48:00.006Z,26833,52,  1,1,   0.057,  -0.087,  -0.095,   0.140,   0.141, -42.377, 303.356,   0.010,   0.007,   0.007,  5,        
1986-01-24T06:48:48.006Z,26833,53,  1,1,   0.051,  -0.090,  -0.082,   0.132,   0.132, -38.264, 299.605,   0.004,   0.005,   0.009,  5,        
1986-01-24T06:49:36.006Z,26833,54,  1,1,   0.080,  -0.098,  -0.104,   0.163,   0.164, -39.389, 309.271,   0.012,   0.010,   0.009,  5,        
1986-01-24T06:50:24.005Z,26833,55,  1,1,   0.155,  -0.109,  -0.108,   0.218,   0.219, -29.696, 324.882,   0.012,   0.009,   0.016,  5,        
1986-01-24T06:51:12.005Z,26833,56,  1,1,   0.163,  -0.103,  -0.099,   0.217,   0.222, -27.059, 327.780,   0.021,   0.029,   0.032,  5,        
1986-01-24T06:52:00.005Z,26833,57,  1,1,   0.082,  -0.122,  -0.115,   0.186,   0.204, -38.007, 303.935,   0.046,   0.042,   0.059,  5,        
1986-01-24T06:52:48.005Z,26833,58,  1,1,   0.055,  -0.062,  -0.099,   0.129,   0.131, -50.081, 311.438,   0.008,   0.013,   0.021,  5,        
1986-01-24T06:53:36.005Z,26833,59,  1,1,   0.063,  -0.076,  -0.064,   0.118,   0.118, -32.667, 309.505,   0.008,   0.006,   0.008,  5,        
1986-01-24T06:54:24.005Z,26834, 0,  1,1,   0.063,  -0.085,  -0.054,   0.119,   0.119, -26.965, 306.300,   0.005,   0.002,   0.006,  5,        
1986-01-24T06:55:12.005Z,26834, 1,  1,1,   0.071,  -0.087,  -0.055,   0.125,   0.126, -26.233, 309.136,   0.009,   0.008,   0.007,  5,        
1986-01-24T06:56:00.005Z,26834, 2,  1,1,   0.056,  -0.083,  -0.056,   0.115,   0.115, -29.150, 303.881,   0.004,   0.003,   0.007,  5,        
1986-01-24T06:56:48.005Z,26834, 3,  1,1,   0.072,  -0.094,  -0.043,   0.126,   0.126, -19.857, 307.309,   0.006,   0.010,   0.009,  5,        
1986-01-24T06:57:36.005Z,26834, 4,  1,1,   0.078,  -0.103,  -0.061,   0.143,   0.143, -25.396, 307.001,   0.004,   0.007,   0.010,  5,        
1986-01-24T06:58:24.005Z,26834, 5,  1,1,   0.076,  -0.100,  -0.061,   0.140,   0.140, -26.069, 307.166,   0.006,   0.005,   0.005,  5,        
1986-01-24T06:59:12.005Z,26834, 6,  1,1,   0.082,  -0.117,  -0.057,   0.153,   0.154, -21.725, 304.924,   0.005,   0.009,   0.005,  5,        
