1986-01-24T14:59:59.973Z,26844, 7,  1,1, -22.079,  40.981,  -8.904,  47.395,  47.395, -10.829, 118.314,   0.138,   0.110,   0.044,  5,
1986-01-24T15:00:47.973Z,26844, 8,  1,1, -22.463,  41.307,  -8.775,  47.832,  47.832, -10.571, 118.537,   0.082,   0.074,   0.042,  3,        
1986-01-24T15:01:35.973Z,26844, 9,  1,1, -23.014,  41.795,  -8.626,  48.485,  48.485, -10.247, 118.839,   0.136,   0.112,   0.029,  5,T       
1986-01-24T15:02:23.973Z,26844,10,  1,1, -23.489,  42.209,  -8.473,  49.042,  49.042,  -9.949, 119.096,   0.112,   0.111,   0.048,  5,T       
1986-01-24T15:03:11.973Z,26844,11,  1,1, -23.965,  42.611,  -8.328,  49.592,  49.592,  -9.668, 119.354,   0.134,   0.118,   0.048,  5,T       
1986-01-24T15:03:59.973Z,26844,12,  1,1, -24.440,  43.051,  -8.179,  50.176,  50.176,  -9.381, 119.584,   0.124,   0.122,   0.042,  5,T       
1986-01-24T15:04:47.973Z,26844,13,  1,1, -24.946,  43.462,  -8.013,  50.749,  50.749,  -9.085, 119.855,   0.141,   0.122,   0.042,  5,T       
1986-01-24T15:05:35.973Z,26844,14,  1,1, -25.432,  43.905,  -7.841,  51.341,  51.341,  -8.785, 120.081,   0.128,   0.115,   0.046,  5,T       
1986-01-24T15:06:23.973Z,26844,15,  1,1, -25.939,  44.328,  -7.682,  51.931,  51.931,  -8.507, 120.334,   0.134,   0.138,   0.060,  5,T       
1986-01-24T15:07:11.973Z,26844,16,  1,1, -26.516,  44.824,  -7.506,  52.618,  52.618,  -8.201, 120.607,   0.109,   0.100,   0.037,  4,T       
1986-01-24T15:07:59.972Z,26844,17,  1,1, -26.972,  45.216,  -7.327,  53.157,  53.157,  -7.923, 120.816,   0.154,   0.122,   0.053,  5,        
1986-01-24T15:08:47.972Z,26844,18,  1,1, -27.514,  45.653,  -7.153,  53.781,  53.782,  -7.643, 121.077,   0.156,   0.115,   0.053,  5,        
1986-01-24T15:09:35.972Z,26844,19,  1,1, -28.032,  46.098,  -6.963,  54.400,  54.400,  -7.354, 121.304,   0.146,   0.128,   0.070,  5,        
1986-01-24T15:10:23.972Z,26844,20,  1,1, -28.748,  46.696,  -6.710,  55.245,  55.245,  -6.977, 121.619,   0.025,   0.029,   0.015,  2,T       
1986-01-24T15:11:11.972Z,26844,21,  1,1, -29.198,  47.043,  -6.584,  55.758,  55.758,  -6.781, 121.827,   0.114,   0.081,   0.050,  4,T       
1986-01-24T15:11:59.972Z,26844,22,  1,1, -29.679,  47.460,  -6.405,  56.341,  56.341,  -6.528, 122.020,   0.158,   0.128,   0.046,  5,        
1986-01-24T15:12:47.972Z,26844,23,  1,1, -30.242,  47.927,  -6.200,  57.009,  57.010,  -6.244, 122.252,   0.164,   0.125,   0.060,  5,        
1986-01-24T15:13:35.972Z,26844,24,  1,1, -30.814,  48.398,  -6.000,  57.688,  57.688,  -5.970, 122.485,   0.150,   0.145,   0.069,  5,        
1986-01-24T15:14:23.972Z,26844,25,  1,1, -31.399,  48.878,  -5.768,  58.380,  58.380,  -5.670, 122.717,   0.160,   0.136,   0.064,  5,TO      
1986-01-24T15:15:11.972Z,26844,26,  1,1, -31.982,  49.364,  -5.543,  59.080,  59.080,  -5.383, 122.938,   0.161,   0.144,   0.064,  5,        
1986-01-24T15:15:59.972Z,26844,27,  1,1, -32.581,  49.844,  -5.333,  59.786,  59.786,  -5.117, 123.172,   0.177,   0.137,   0.058,  5, O      
1986-01-24T15:16:47.972Z,26844,28,  1,1, -33.188,  50.334,  -5.107,  60.507,  60.507,  -4.842, 123.400,   0.169,   0.142,   0.066,  5,        
1986-01-24T15:17:35.972Z,26844,29,  1,1, -33.808,  50.817,  -4.867,  61.229,  61.229,  -4.559, 123.636,   0.177,   0.150,   0.068,  5,        
1986-01-24T15:18:23.972Z,26844,30,  1,1, -34.428,  51.330,  -4.615,  61.979,  61.979,  -4.270, 123.851,   0.183,   0.141,   0.061,  5,        
1986-01-24T15:19:11.972Z,26844,31,  1,1, -35.064,  51.817,  -4.396,  62.720,  62.720,  -4.019, 124.086,   0.186,   0.135,   0.067,  5, O      
1986-01-24T15:19:59.972Z,26844,32,  1,1, -35.662,  52.333,  -4.258,  63.472,  63.472,  -3.847, 124.273,   0.233,   0.131,   0.199,  5,        
1986-01-24T15:20:47.972Z,26844,33,  1,1, -36.365,  52.831,  -3.866,  64.253,  64.253,  -3.450, 124.541,   0.176,   0.157,   0.080,  5,        
1986-01-24T15:21:35.972Z,26844,34,  1,1, -37.005,  53.350,  -3.617,  65.028,  65.029,  -3.189, 124.747,   0.193,   0.145,   0.074,  5,        
1986-01-24T15:22:23.972Z,26844,35,  1,1, -37.662,  53.881,  -3.340,  65.824,  65.824,  -2.908, 124.953,   0.198,   0.139,   0.073,  5,        
1986-01-24T15:23:11.971Z,26844,36,  1,1, -38.341,  54.402,  -3.059,  66.625,  66.626,  -2.632, 125.176,   0.188,   0.152,   0.083,  5,        
1986-01-24T15:23:59.971Z,26844,37,  1,1, -39.021,  54.929,  -2.763,  67.435,  67.436,  -2.348, 125.390,   0.206,   0.147,   0.083,  5,        
1986-01-24T15:24:47.971Z,26844,38,  1,1, -39.724,  55.456,  -2.453,  68.260,  68.260,  -2.059, 125.615,   0.204,   0.153,   0.091,  5,        
1986-01-24T15:25:35.971Z,26844,39,  1,1, -40.433,  55.985,  -2.149,  69.092,  69.092,  -1.783, 125.837,   0.192,   0.155,   0.094,  5,        
1986-01-24T15:26:23.971Z,26844,40,  1,1, -41.146,  56.530,  -1.829,  69.943,  69.943,  -1.498, 126.049,   0.206,   0.150,   0.090,  5,        
1986-01-24T15:27:11.971Z,26844,41,  1,1, -41.896,  57.044,  -1.518,  70.792,  70.793,  -1.229, 126.296,   0.214,   0.150,   0.079,  5,        
1986-01-24T15:27:59.971Z,26844,42,  1,1, -42.635,  57.591,  -1.220,  71.665,  71.665,  -0.975, 126.513,   0.212,   0.152,   0.085,  5,        
1986-01-24T15:28:47.971Z,26844,43,  1,1, -43.372,  58.143,  -0.913,  72.544,  72.544,  -0.721, 126.722,   0.214,   0.159,   0.096,  5,        
1986-01-24T15:29:35.971Z,26844,44,  1,1, -44.130,  58.694,  -0.584,  73.436,  73.436,  -0.456, 126.938,   0.218,   0.153,   0.093,  5,        
1986-01-24T15:30:23.971Z,26844,45,  1,1, -44.911,  59.244,  -0.250,  74.343,  74.343,  -0.192, 127.165,   0.220,   0.159,   0.097,  5,        
1986-01-24T15:31:11.971Z,26844,46,  1,1, -45.685,  59.812,   0.086,  75.264,  75.264,   0.065, 127.373,   0.219,   0.170,   0.096,  5,        
1986-01-24T15:31:59.971Z,26844,47,  1,1, -46.460,  60.391,   0.442,  76.196,  76.196,   0.332, 127.572,   0.223,   0.165,   0.106,  5,        
1986-01-24T15:32:47.971Z,26844,48,  1,1, -47.254,  60.957,   0.809,  77.132,  77.132,   0.601, 127.783,   0.223,   0.165,   0.096,  5,        
1986-01-24T15:33:35.971Z,26844,49,  1,1, -48.051,  61.549,   1.164,  78.093,  78.093,   0.854, 127.979,   0.227,   0.162,   0.103,  5,     R  
1986-01-24T15:34:23.971Z,26844,50,  1,1, -48.876,  62.128,   1.535,  79.064,  79.064,   1.112, 128.192,   0.248,   0.160,   0.117,  5,        
1986-01-24T15:35:11.971Z,26844,51,  1,1, -49.723,  62.688,   2.067,  80.040,  80.040,   1.480, 128.421,   0.249,   0.151,   0.125,  5,        
1986-01-24T15:35:59.971Z,26844,52,  1,1, -50.605,  63.245,   2.452,  81.036,  81.036,   1.734, 128.665,   0.215,   0.156,   0.097,  5,        
1986-01-24T15:36:47.971Z,26844,53,  1,1, -51.403,  63.847,   2.870,  82.018,  82.018,   2.005, 128.838,   0.263,   0.139,   0.125,  5,        
1986-01-24T15:37:35.970Z,26844,54,  1,1, -52.625,  64.571,   3.417,  83.369,  83.369,   2.349, 129.180,   0.007,   0.004,   0.049,  2,T       
1986-01-24T15:39:11.970Z,26844,56,  1,1, -54.065,  65.638,   4.110,  85.137,  85.137,   2.767, 129.478,   0.266,   0.171,   0.115,  5,T       
1986-01-24T15:39:59.970Z,26844,57,  1,1, -55.006,  66.222,   4.575,  86.209,  86.209,   3.042, 129.714,   0.289,   0.180,   0.134,  5,        
1986-01-24T15:40:47.970Z,26844,58,  1,1, -55.860,  66.883,   4.992,  87.284,  87.284,   3.278, 129.868,   0.271,   0.200,   0.150,  5,        
1986-01-24T15:41:35.970Z,26844,59,  1,1, -56.819,  67.461,   5.474,  88.370,  88.371,   3.551, 130.106,   0.249,   0.179,   0.141,  5,        
1986-01-24T15:42:23.970Z,26845, 0,  1,1, -57.754,  68.119,   5.942,  89.504,  89.504,   3.807, 130.293,   0.224,   0.188,   0.123,  5,        
1986-01-24T15:43:11.970Z,26845, 1,  1,1, -58.655,  68.745,   6.420,  90.596,  90.596,   4.064, 130.472,   0.264,   0.172,   0.140,  5,        
1986-01-24T15:43:59.970Z,26845, 2,  1,1, -59.657,  69.349,   6.942,  91.741,  91.741,   4.339, 130.704,   0.299,   0.157,   0.150,  5,        
1986-01-24T15:44:47.970Z,26845, 3,  1,1, -60.612,  70.019,   7.423,  92.906,  92.906,   4.582, 130.882,   0.265,   0.167,   0.168,  5,        
1986-01-24T15:45:35.970Z,26845, 4,  1,1, -61.624,  70.632,   7.941,  94.071,  94.071,   4.843, 131.104,   0.270,   0.197,   0.154,  5,        
1986-01-24T15:46:23.970Z,26845, 5,  1,1, -62.578,  71.319,   8.482,  95.259,  95.259,   5.108, 131.265,   0.265,   0.205,   0.141,  5,        
1986-01-24T15:47:11.970Z,26845, 6,  1,1, -63.590,  71.934,   9.019,  96.435,  96.435,   5.367, 131.477,   0.295,   0.191,   0.146,  5,        
1986-01-24T15:47:59.970Z,26845, 7,  1,1, -64.614,  72.599,   9.561,  97.658,  97.658,   5.618, 131.669,   0.269,   0.208,   0.147,  5,        
1986-01-24T15:48:47.970Z,26845, 8,  1,1, -65.665,  73.250,  10.101,  98.891,  98.891,   5.862, 131.875,   0.314,   0.211,   0.155,  5,        
1986-01-24T15:49:35.970Z,26845, 9,  1,1, -66.716,  73.924,  10.685, 100.150, 100.150,   6.125, 132.066,   0.287,   0.225,   0.158,  5,        
1986-01-24T15:50:23.970Z,26845,10,  1,1, -67.735,  74.600,  11.243, 101.388, 101.388,   6.367, 132.239,   0.321,   0.197,   0.152,  5,        
1986-01-24T15:51:11.970Z,26845,11,  1,1, -68.831,  75.269,  11.844, 102.681, 102.681,   6.624, 132.442,   0.294,   0.236,   0.180,  5,        
1986-01-24T15:51:59.970Z,26845,12,  1,1, -69.924,  75.943,  12.424, 103.977, 103.977,   6.863, 132.637,   0.303,   0.192,   0.182,  5,        
1986-01-24T15:52:47.970Z,26845,13,  1,1, -71.004,  76.649,  13.033, 105.292, 105.292,   7.110, 132.810,   0.308,   0.190,   0.164,  5,        
1986-01-24T15:53:35.969Z,26845,14,  1,1, -72.146,  77.320,  13.641, 106.628, 106.628,   7.350, 133.017,   0.323,   0.174,   0.172,  5,        
1986-01-24T15:54:23.969Z,26845,15,  1,1, -73.297,  77.980,  14.253, 107.965, 107.966,   7.586, 133.227,   0.341,   0.182,   0.157,  5,        
1986-01-24T15:55:11.969Z,26845,16,  1,1, -74.453,  78.653,  14.899, 109.324, 109.324,   7.833, 133.429,   0.295,   0.200,   0.197,  5,        
1986-01-24T15:55:59.969Z,26845,17,  1,1, -75.617,  79.372,  15.544, 110.723, 110.723,   8.070, 133.612,   0.327,   0.179,   0.174,  5,        
1986-01-24T15:56:47.969Z,26845,18,  1,1, -76.789,  80.044,  16.205, 112.099, 112.099,   8.312, 133.811,   0.331,   0.187,   0.203,  5,        
1986-01-24T15:57:35.969Z,26845,19,  1,1, -78.009,  80.744,  16.901, 113.537, 113.537,   8.561, 134.013,   0.344,   0.201,   0.183,  5,        
1986-01-24T15:58:23.969Z,26845,20,  1,1, -79.189,  81.452,  17.610, 114.958, 114.958,   8.812, 134.193,   0.352,   0.173,   0.202,  5,        
1986-01-24T15:59:11.969Z,26845,21,  1,1, -80.415,  82.151,  18.288, 116.404, 116.404,   9.039, 134.388,   0.363,   0.198,   0.217,  5,        
1986-01-24T15:59:59.969Z,26845,22,  1,1, -81.682,  82.820,  19.039, 117.871, 117.871,   9.295, 134.604,   0.352,   0.189,   0.201,  5,        
1986-01-24T16:00:47.969Z,26845,23,  1,1, -82.926,  83.521,  19.792, 119.349, 119.349,   9.546, 134.795,   0.374,   0.182,   0.210,  5,        
1986-01-24T16:02:23.969Z,26845,25,  1,1, -85.644,  85.043,  21.450, 122.586, 122.586,  10.078, 135.202,   0.229,   0.138,   0.157,  4,T       
1986-01-24T16:03:11.969Z,26845,26,  1,1, -86.819,  85.663,  22.123, 123.956, 123.957,  10.281, 135.384,   0.373,   0.190,   0.233,  5,        
1986-01-24T16:03:59.969Z,26845,27,  1,1, -88.121,  86.347,  22.954, 125.491, 125.491,  10.540, 135.583,   0.393,   0.194,   0.217,  5, O      
1986-01-24T16:04:47.969Z,26845,28,  1,1, -89.437,  87.112,  23.739, 127.087, 127.087,  10.766, 135.754,   0.364,   0.214,   0.244,  5,        
1986-01-24T16:05:35.969Z,26845,29,  1,1, -90.752,  87.851,  24.610, 128.683, 128.683,  11.025, 135.931,   0.364,   0.261,   0.315,  5,        
1986-01-24T16:06:23.969Z,26845,30,  1,1, -92.102,  88.589,  25.442, 130.300, 130.300,  11.260, 136.114,   0.382,   0.204,   0.220,  5,        
1986-01-24T16:07:11.969Z,26845,31,  1,1, -92.874,  88.929,  25.945, 131.176, 131.176,  11.408, 136.243,   0.000,   0.000,   0.000,  1,        
1986-01-24T16:07:59.969Z,26845,32,  1,1, -94.876,  89.997,  27.195, 133.568, 133.568,  11.748, 136.512,   0.361,   0.190,   0.289,  5,        
1986-01-24T16:08:47.968Z,26845,33,  1,1, -96.327,  90.743,  28.089, 135.285, 135.285,  11.983, 136.710,   0.405,   0.201,   0.251,  5,T       
1986-01-24T16:09:35.968Z,26845,34,  1,1, -97.712,  91.475,  29.038, 136.962, 136.962,  12.241, 136.888,   0.364,   0.213,   0.228,  5,T       
1986-01-24T16:10:23.968Z,26845,35,  1,1, -99.146,  92.226,  29.950, 138.682, 138.682,  12.472, 137.071,   0.390,   0.214,   0.258,  5,T       
1986-01-24T16:11:11.968Z,26845,36,  1,1,-100.609,  92.975,  30.917, 140.436, 140.437,  12.718, 137.258,   0.371,   0.198,   0.252,  5,T       
1986-01-24T16:11:59.968Z,26845,37,  1,1,-102.050,  93.723,  31.885, 142.179, 142.179,  12.960, 137.436,   0.391,   0.216,   0.269,  5,T       
1986-01-24T16:12:47.968Z,26845,38,  1,1,-103.477,  94.522,  32.892, 143.958, 143.958,  13.208, 137.589,   0.350,   0.229,   0.345,  5,T       
1986-01-24T16:13:35.968Z,26845,39,  1,1,-104.963,  95.223,  33.899, 145.718, 145.718,  13.452, 137.786,   0.418,   0.245,   0.257,  5,T       
1986-01-24T16:14:23.968Z,26845,40,  1,1,-106.499,  96.018,  34.862, 147.569, 147.569,  13.665, 137.963,   0.413,   0.260,   0.298,  5,        
1986-01-24T16:15:11.968Z,26845,41,  1,1,-108.335,  97.044,  36.291, 149.904, 149.903,  14.010, 138.147,   0.064,   0.060,   0.084,  2,T       
1986-01-24T16:15:59.968Z,26845,42,  1,1,-109.460,  97.613,  37.013, 151.261, 151.261,  14.164, 138.274,   0.449,   0.220,   0.275,  5,T       
1986-01-24T16:16:47.968Z,26845,43,  1,1,-111.033,  98.441,  38.074, 153.195, 153.195,  14.391, 138.440,   0.438,   0.229,   0.311,  5,        
1986-01-24T16:17:35.968Z,26845,44,  1,1,-112.568,  99.257,  39.166, 155.104, 155.105,  14.626, 138.596,   0.433,   0.251,   0.319,  5,        
1986-01-24T16:18:23.968Z,26845,45,  1,1,-114.137, 100.061,  40.276, 157.040, 157.041,  14.861, 138.760,   0.433,   0.205,   0.336,  5,        
1986-01-24T16:19:11.968Z,26845,46,  1,1,-115.709, 100.838,  41.413, 158.972, 158.972,  15.100, 138.929,   0.460,   0.210,   0.324,  5,        
1986-01-24T16:19:59.968Z,26845,47,  1,1,-117.263, 101.598,  42.586, 160.893, 160.893,  15.348, 139.094,   0.464,   0.239,   0.335,  5,        
1986-01-24T16:20:47.968Z,26845,48,  1,1,-118.866, 102.391,  43.755, 162.873, 162.873,  15.584, 139.258,   0.434,   0.241,   0.344,  5,        
1986-01-24T16:21:35.968Z,26845,49,  1,1,-120.508, 103.251,  44.938, 164.931, 164.932,  15.811, 139.410,   0.463,   0.238,   0.336,  5,        
1986-01-24T16:22:23.968Z,26845,50,  1,1,-122.125, 104.015,  46.152, 166.924, 166.924,  16.050, 139.579,   0.464,   0.247,   0.340,  5,        
1986-01-24T16:23:11.968Z,26845,51,  1,1,-123.767, 104.824,  47.397, 168.976, 168.976,  16.290, 139.737,   0.467,   0.209,   0.356,  5,        
1986-01-24T16:23:59.967Z,26845,52,  1,1,-125.438, 105.665,  48.653, 171.076, 171.076,  16.523, 139.890,   0.453,   0.207,   0.369,  5,        
1986-01-24T16:24:47.967Z,26845,53,  1,1,-127.108, 106.448,  49.924, 173.147, 173.147,  16.758, 140.055,   0.466,   0.208,   0.373,  5,        
1986-01-24T16:25:35.967Z,26845,54,  1,1,-128.787, 107.283,  51.213, 175.267, 175.267,  16.990, 140.205,   0.475,   0.215,   0.368,  5,        
1986-01-24T16:26:23.967Z,26845,55,  1,1,-130.470, 108.095,  52.541, 177.391, 177.391,  17.229, 140.358,   0.475,   0.238,   0.382,  5,        
1986-01-24T16:27:11.967Z,26845,56,  1,1,-132.194, 108.915,  53.849, 179.548, 179.548,  17.452, 140.515,   0.495,   0.218,   0.385,  5,        
1986-01-24T16:27:59.967Z,26845,57,  1,1,-133.906, 109.750,  55.206, 181.724, 181.724,  17.685, 140.662,   0.490,   0.249,   0.390,  5,        
1986-01-24T16:28:47.967Z,26845,58,  1,1,-135.655, 110.572,  56.582, 183.930, 183.930,  17.916, 140.817,   0.501,   0.236,   0.390,  5,        
1986-01-24T16:29:35.967Z,26845,59,  1,1,-137.411, 111.414,  57.959, 186.156, 186.156,  18.140, 140.965,   0.487,   0.239,   0.391,  5,        
1986-01-24T16:30:23.967Z,26846, 0,  1,1,-139.172, 112.235,  59.356, 188.385, 188.385,  18.366, 141.116,   0.502,   0.251,   0.402,  5,        
1986-01-24T16:31:11.967Z,26846, 1,  1,1,-140.957, 113.058,  60.786, 190.646, 190.646,  18.593, 141.268,   0.484,   0.249,   0.411,  5,        
1986-01-24T16:31:59.967Z,26846, 2,  1,1,-142.770, 113.860,  62.232, 192.926, 192.926,  18.818, 141.428,   0.492,   0.247,   0.416,  5,        
1986-01-24T16:32:47.967Z,26846, 3,  1,1,-144.573, 114.708,  63.698, 195.235, 195.235,  19.042, 141.571,   0.519,   0.231,   0.419,  5,        
1986-01-24T16:33:35.967Z,26846, 4,  1,1,-146.356, 115.494,  65.235, 197.521, 197.522,  19.285, 141.722,   0.549,   0.225,   0.388,  5,        
1986-01-24T16:34:23.967Z,26846, 5,  1,1,-148.238, 116.276,  66.752, 199.876, 199.877,  19.510, 141.890,   0.537,   0.214,   0.430,  5,        
1986-01-24T16:35:11.967Z,26846, 6,  1,1,-150.098, 116.995,  68.303, 202.194, 202.195,  19.743, 142.065,   0.535,   0.202,   0.450,  5,        
1986-01-24T16:35:59.967Z,26846, 7,  1,1,-151.962, 117.699,  69.872, 204.518, 204.518,  19.977, 142.241,   0.519,   0.175,   0.418,  5,        
1986-01-24T16:36:47.967Z,26846, 8,  1,1,-153.867, 118.422,  71.498, 206.908, 206.908,  20.216, 142.417,   0.538,   0.210,   0.451,  5,T       
1986-01-24T16:37:35.967Z,26846, 9,  1,1,-155.797, 119.162,  73.147, 209.339, 209.339,  20.452, 142.589,   0.503,   0.184,   0.438,  5,T       
1986-01-24T16:38:23.967Z,26846,10,  1,1,-157.695, 119.864,  74.765, 211.719, 211.719,  20.679, 142.762,   0.529,   0.196,   0.451,  5,        
1986-01-24T16:39:11.966Z,26846,11,  1,1,-159.623, 120.548,  76.449, 214.140, 214.140,  20.916, 142.940,   0.546,   0.198,   0.462,  5,T       
1986-01-24T16:39:59.966Z,26846,12,  1,1,-161.573, 121.239,  78.150, 216.592, 216.592,  21.150, 143.117,   0.521,   0.187,   0.463,  5,T       
1986-01-24T16:40:47.966Z,26846,13,  1,1,-163.487, 121.908,  79.841, 219.007, 219.007,  21.380, 143.289,   0.523,   0.174,   0.457,  5,        
1986-01-24T16:41:35.966Z,26846,14,  1,1,-165.456, 122.595,  81.577, 221.494, 221.495,  21.611, 143.463,   0.547,   0.187,   0.499,  5,T       
1986-01-24T16:42:23.966Z,26846,15,  1,1,-167.427, 123.294,  83.339, 224.006, 224.006,  21.841, 143.632,   0.520,   0.166,   0.459,  5,T       
1986-01-24T16:43:11.966Z,26846,16,  1,1,-169.388, 123.938,  85.114, 226.489, 226.490,  22.074, 143.808,   0.549,   0.182,   0.504,  5,        
1986-01-24T16:43:59.966Z,26846,17,  1,1,-171.356, 124.611,  86.935, 229.016, 229.017,  22.309, 143.975,   0.542,   0.193,   0.536,  5,T       
1986-01-24T16:44:47.966Z,26846,18,  1,1,-173.354, 125.268,  88.757, 231.563, 231.563,  22.538, 144.148,   0.536,   0.186,   0.500,  5,T       
1986-01-24T16:45:35.966Z,26846,19,  1,1,-175.317, 125.916,  90.575, 234.082, 234.083,  22.764, 144.313,   0.563,   0.193,   0.529,  5,        
1986-01-24T16:46:23.966Z,26846,20,  1,1,-177.293, 126.545,  92.489, 236.645, 236.645,  23.006, 144.482,   0.545,   0.193,   0.544,  5,T       
1986-01-24T16:47:11.966Z,26846,21,  1,1,-179.301, 127.189,  94.389, 239.239, 239.239,  23.237, 144.650,   0.556,   0.186,   0.535,  5,T       
1986-01-24T16:47:59.966Z,26846,22,  1,1,-181.257, 127.800,  96.275, 241.776, 241.776,  23.466, 144.813,   0.544,   0.183,   0.506,  5,        
1986-01-24T16:48:47.966Z,26846,23,  1,1,-183.259, 128.431,  98.240, 244.396, 244.396,  23.701, 144.977,   0.557,   0.171,   0.570,  5,T       
1986-01-24T16:49:35.966Z,26846,24,  1,1,-185.249, 129.016, 100.164, 246.972, 246.972,  23.927, 145.145,   0.529,   0.169,   0.522,  5,T       
1986-01-24T16:50:23.966Z,26846,25,  1,1,-187.249, 129.621, 102.176, 249.607, 249.607,  24.164, 145.308,   0.570,   0.179,   0.593,  5,        
1986-01-24T16:51:11.966Z,26846,26,  1,1,-189.266, 130.212, 104.211, 252.264, 252.264,  24.400, 145.473,   0.572,   0.149,   0.601,  5,T       
1986-01-24T16:51:59.966Z,26846,27,  1,1,-191.290, 130.794, 106.253, 254.929, 254.929,  24.632, 145.638,   0.544,   0.154,   0.547,  5,T       
1986-01-24T16:52:47.966Z,26846,28,  1,1,-193.260, 131.363, 108.255, 257.536, 257.536,  24.857, 145.795,   0.521,   0.154,   0.522,  5,        
1986-01-24T16:53:35.966Z,26846,29,  1,1,-195.234, 132.093, 110.217, 260.216, 260.217,  25.060, 145.918,   0.461,   0.213,   0.725,  5,T       
1986-01-24T16:54:23.965Z,26846,30,  1,1,-197.212, 132.631, 112.396, 262.900, 262.900,  25.311, 146.078,   0.538,   0.170,   0.597,  5, O      
1986-01-24T16:55:11.965Z,26846,31,  1,1,-199.194, 133.232, 114.518, 265.600, 265.600,  25.542, 146.223,   0.561,   0.207,   0.595,  5,        
1986-01-24T16:55:59.965Z,26846,32,  1,1,-201.115, 133.814, 116.679, 268.267, 268.267,  25.781, 146.362,   0.560,   0.169,   0.607,  5,        
1986-01-24T16:56:47.965Z,26846,33,  1,1,-203.093, 134.476, 118.818, 271.013, 271.013,  26.003, 146.490,   0.549,   0.153,   0.614,  5,        
1986-01-24T16:57:35.965Z,26846,34,  1,1,-205.040, 135.019, 121.013, 273.707, 273.707,  26.240, 146.635,   0.568,   0.195,   0.611,  5,        
1986-01-24T16:58:23.965Z,26846,35,  1,1,-206.972, 135.656, 123.211, 276.444, 276.444,  26.468, 146.758,   0.547,   0.184,   0.609,  5,        
1986-01-24T16:59:11.965Z,26846,36,  1,1,-208.929, 136.185, 125.391, 279.142, 279.142,  26.692, 146.903,   0.556,   0.169,   0.609,  5,        
1986-01-24T16:59:59.965Z,26846,37,  1,1,-210.839, 136.753, 127.655, 281.869, 281.869,  26.929, 147.032,   0.541,   0.152,   0.641,  5,        
1986-01-24T17:00:47.965Z,26846,38,  1,1,-212.757, 137.331, 129.905, 284.606, 284.607,  27.158, 147.159,   0.542,   0.168,   0.650,  5,        
1986-01-24T17:01:35.965Z,26846,39,  1,1,-214.653, 137.856, 132.190, 287.323, 287.323,  27.392, 147.290,   0.517,   0.171,   0.649,  5,        
1986-01-24T17:02:23.965Z,26846,40,  1,1,-216.538, 138.393, 134.495, 290.052, 290.052,  27.626, 147.417,   0.526,   0.163,   0.659,  5,        
1986-01-24T17:03:11.965Z,26846,41,  1,1,-218.323, 138.767, 136.749, 292.612, 292.612,  27.862, 147.560,   0.447,   0.120,   0.579,  5,        
1986-01-24T17:03:59.965Z,26846,42,  1,1,-220.111, 138.883, 138.726, 294.927, 294.927,  28.059, 147.749,   0.559,   0.152,   0.702,  5,        
1986-01-24T17:04:47.965Z,26846,43,  1,1,-221.833, 139.584, 141.119, 297.671, 297.671,  28.299, 147.821,   0.624,   0.201,   0.638,  5,        
1986-01-24T17:05:35.965Z,26846,44,  1,1,-223.700, 139.905, 143.433, 300.313, 300.313,  28.529, 147.978,   0.537,   0.147,   0.672,  5, O      
1986-01-24T17:06:23.965Z,26846,45,  1,1,-225.382, 140.421, 145.885, 302.981, 302.981,  28.783, 148.076,   0.440,   0.103,   0.673,  5,        
1986-01-24T17:07:11.965Z,26846,46,  1,1,-227.213, 141.017, 148.224, 305.748, 305.748,  28.999, 148.175,   0.476,   0.154,   0.739,  5, O      
1986-01-24T17:07:59.965Z,26846,47,  1,1,-229.010, 141.390, 150.599, 308.409, 308.410,  29.229, 148.309,   0.425,   0.188,   0.646,  5,        
1986-01-24T17:08:47.964Z,26846,48,  1,1,-230.690, 141.799, 153.156, 311.097, 311.097,  29.492, 148.422,   0.526,   0.248,   0.650,  5, O      
1986-01-24T17:09:35.964Z,26846,49,  1,1,-232.498, 142.195, 155.487, 313.769, 313.769,  29.706, 148.550,   0.487,   0.063,   0.759,  5,        
1986-01-24T17:10:23.964Z,26846,50,  1,1,-234.211, 142.553, 157.964, 316.431, 316.431,  29.947, 148.673,   0.455,   0.121,   0.814,  5, O      
1986-01-24T17:11:11.964Z,26846,51,  1,1,-235.743, 143.082, 160.451, 319.048, 319.048,  30.192, 148.745,   0.507,   0.103,   0.741,  5,        
1986-01-24T17:11:59.964Z,26846,52,  1,1,-237.468, 143.397, 162.938, 321.718, 321.719,  30.428, 148.874,   0.533,   0.091,   0.669,  5,        
1986-01-24T17:12:47.964Z,26846,53,  1,1,-239.121, 143.750, 165.348, 324.319, 324.319,  30.653, 148.987,   0.355,   0.157,   0.728,  5, O      
1986-01-24T17:13:35.964Z,26846,54,  1,1,-240.656, 144.065, 167.912, 326.901, 326.901,  30.907, 149.094,   0.554,   0.110,   0.614,  5,        
1986-01-24T17:14:23.964Z,26846,55,  1,1,-242.246, 144.446, 170.414, 329.528, 329.528,  31.141, 149.193,   0.477,   0.144,   0.743,  5,        
1986-01-24T17:15:11.964Z,26846,56,  1,1,-243.730, 144.790, 172.929, 332.073, 332.073,  31.383, 149.287,   0.327,   0.126,   0.716,  5,        
1986-01-24T17:15:59.964Z,26846,57,  1,1,-245.197, 145.105, 175.465, 334.612, 334.612,  31.627, 149.383,   0.461,   0.086,   0.728,  5,        
1986-01-24T17:16:47.964Z,26846,58,  1,1,-246.620, 145.443, 178.048, 337.159, 337.159,  31.876, 149.470,   0.367,   0.196,   0.691,  5,TO      
1986-01-24T17:17:35.964Z,26846,59,  1,1,-248.191, 145.686, 180.526, 339.724, 339.725,  32.099, 149.588,   0.439,   0.102,   0.759,  5,        
1986-01-24T17:18:23.964Z,26847, 0,  1,1,-249.457, 145.935, 183.042, 342.097, 342.097,  32.348, 149.672,   0.325,   0.150,   0.743,  5,        
1986-01-24T17:19:11.964Z,26847, 1,  1,1,-250.748, 146.132, 185.666, 344.530, 344.530,  32.609, 149.767,   0.344,   0.075,   0.700,  5,        
1986-01-24T17:19:59.964Z,26847, 2,  1,1,-252.141, 146.540, 188.172, 347.070, 347.070,  32.832, 149.836,   0.445,   0.125,   0.698,  5, O      
1986-01-24T17:20:47.964Z,26847, 3,  1,1,-253.497, 146.808, 190.712, 349.549, 349.549,  33.065, 149.924,   0.211,   0.204,   0.737,  5,        
1986-01-24T17:21:35.964Z,26847, 4,  1,1,-254.616, 146.954, 193.338, 351.858, 351.859,  33.331, 150.008,   0.470,   0.041,   0.719,  5,        
1986-01-24T17:22:23.964Z,26847, 5,  1,1,-255.896, 147.271, 195.894, 354.324, 354.325,  33.564, 150.079,   0.327,   0.089,   0.671,  5,        
1986-01-24T17:23:11.964Z,26847, 6,  1,1,-256.820, 147.382, 198.628, 356.554, 356.554,  33.854, 150.150,   0.236,   0.113,   0.742,  5,        
1986-01-24T17:23:59.963Z,26847, 7,  1,1,-257.848, 147.538, 201.186, 358.789, 358.789,  34.107, 150.222,   0.223,   0.072,   0.733,  5,        
1986-01-24T17:24:47.963Z,26847, 8,  1,1,-258.897, 147.885, 203.793, 361.150, 361.150,  34.353, 150.265,   0.209,   0.088,   0.779,  5,        
1986-01-24T17:25:35.963Z,26847, 9,  1,1,-259.618, 148.140, 206.431, 363.264, 363.264,  34.630, 150.291,   0.279,   0.091,   0.737,  5,        
1986-01-24T17:26:23.963Z,26847,10,  1,1,-260.682, 148.395, 208.986, 365.583, 365.583,  34.865, 150.349,   0.245,   0.172,   0.711,  5,        
1986-01-24T17:27:11.963Z,26847,11,  1,1,-261.669, 148.564, 211.431, 367.756, 367.757,  35.094, 150.414,   0.183,   0.061,   0.703,  5,        
1986-01-24T17:27:59.963Z,26847,12,  1,1,-262.348, 148.709, 214.008, 369.785, 369.785,  35.362, 150.454,   0.207,   0.042,   0.743,  5,        
1986-01-24T17:28:47.963Z,26847,13,  1,1,-263.029, 148.943, 216.562, 371.843, 371.843,  35.620, 150.479,   0.156,   0.066,   0.661,  5,        
1986-01-24T17:29:35.963Z,26847,14,  1,1,-263.649, 149.102, 218.857, 373.685, 373.685,  35.851, 150.511,   0.109,   0.167,   0.450,  4,        
1986-01-24T17:30:23.963Z,26847,15,  1,1,-264.524, 149.162, 221.641, 375.961, 375.961,  36.124, 150.582,   0.169,   0.014,   0.627,  5,T       
1986-01-24T17:31:11.963Z,26847,16,  1,1,-264.935, 149.389, 224.175, 377.838, 377.838,  36.392, 150.583,   0.207,   0.052,   0.661,  5,        
1986-01-24T17:31:59.963Z,26847,17,  1,1,-265.422, 149.474, 226.678, 379.703, 379.703,  36.655, 150.614,   0.142,   0.073,   0.666,  5,        
1986-01-24T17:32:47.963Z,26847,18,  1,1,-266.150, 149.521, 229.024, 381.634, 381.634,  36.878, 150.673,   0.231,   0.124,   0.657,  5,        
1986-01-24T17:33:35.963Z,26847,19,  1,1,-266.742, 149.293, 231.517, 383.458, 383.458,  37.140, 150.765,   0.123,   0.140,   0.672,  5,        
1986-01-24T17:34:23.963Z,26847,20,  1,1,-267.471, 148.898, 233.909, 385.259, 385.260,  37.384, 150.896,   0.249,   0.150,   0.661,  5,        
1986-01-24T17:35:11.963Z,26847,21,  1,1,-268.380, 148.277, 236.183, 387.036, 387.036,  37.607, 151.080,   0.207,   0.112,   0.726,  5,        
1986-01-24T17:35:59.963Z,26847,22,  1,1,-268.729, 148.254, 238.607, 388.751, 388.752,  37.863, 151.115,   0.099,   0.097,   0.669,  5,        
1986-01-24T17:36:47.963Z,26847,23,  1,1,-269.146, 148.320, 240.878, 390.462, 390.462,  38.091, 151.142,   0.116,   0.106,   0.622,  5,        
1986-01-24T17:37:35.963Z,26847,24,  1,1,-269.538, 148.079, 243.142, 392.041, 392.041,  38.330, 151.217,   0.157,   0.043,   0.575,  5,        
1986-01-24T17:38:23.963Z,26847,25,  1,1,-269.580, 148.070, 245.481, 393.521, 393.521,  38.595, 151.222,   0.089,   0.147,   0.705,  5,        
1986-01-24T17:39:11.962Z,26847,26,  1,1,-269.624, 148.010, 247.784, 394.970, 394.970,  38.855, 151.235,   0.062,   0.044,   0.715,  5,        
1986-01-24T17:39:59.962Z,26847,27,  1,1,-269.844, 147.984, 249.769, 396.358, 396.358,  39.062, 151.260,   0.081,   0.104,   0.590,  5,        
1986-01-24T17:40:47.962Z,26847,28,  1,1,-269.821, 147.803, 252.004, 397.687, 397.687,  39.322, 151.287,   0.104,   0.139,   0.643,  5,        
1986-01-24T17:41:35.962Z,26847,29,  1,1,-269.808, 147.611, 254.143, 398.966, 398.967,  39.569, 151.317,   0.112,   0.119,   0.675,  5,        
1986-01-24T17:42:23.962Z,26847,30,  1,1,-269.750, 147.257, 256.255, 400.146, 400.146,  39.822, 151.370,   0.088,   0.066,   0.538,  5,        
1986-01-24T17:43:11.962Z,26847,31,  1,1,-269.594, 147.080, 258.276, 401.273, 401.273,  40.064, 151.385,   0.157,   0.117,   0.599,  5,        
1986-01-24T17:43:59.962Z,26847,32,  1,1,-269.286, 146.871, 260.403, 402.363, 402.363,  40.330, 151.392,   0.188,   0.106,   0.689,  5,        
1986-01-24T17:44:47.962Z,26847,33,  1,1,-269.107, 146.544, 262.418, 403.431, 403.431,  40.577, 151.429,   0.142,   0.080,   0.450,  5,        
1986-01-24T17:45:35.962Z,26847,34,  1,1,-268.580, 146.265, 264.439, 404.297, 404.298,  40.849, 151.428,   0.136,   0.146,   0.615,  5,        
1986-01-24T17:46:23.962Z,26847,35,  1,1,-268.135, 145.894, 266.432, 405.176, 405.176,  41.115, 151.449,   0.082,   0.093,   0.425,  5,        
1986-01-24T17:47:11.962Z,26847,36,  1,1,-267.733, 145.669, 268.345, 406.091, 406.092,  41.361, 151.450,   0.189,   0.120,   0.537,  5,        
1986-01-24T17:47:59.962Z,26847,37,  1,1,-267.250, 145.378, 270.006, 406.768, 406.768,  41.589, 151.455,   0.283,   0.087,   0.486,  5,        
1986-01-24T17:48:47.962Z,26847,38,  1,1,-266.701, 145.244, 271.511, 407.362, 407.362,  41.798, 151.428,   0.077,   0.129,   0.404,  5,        
1986-01-24T17:49:35.962Z,26847,39,  1,1,-266.095, 144.978, 273.299, 408.065, 408.065,  42.047, 151.417,   0.260,   0.111,   0.465,  5,        
1986-01-24T17:50:23.962Z,26847,40,  1,1,-265.334, 144.664, 274.773, 408.449, 408.449,  42.278, 151.400,   0.146,   0.051,   0.468,  5,        
1986-01-24T17:51:11.962Z,26847,41,  1,1,-264.741, 144.505, 276.406, 409.108, 409.108,  42.503, 151.373,   0.224,   0.151,   0.374,  5,        
1986-01-24T17:51:59.962Z,26847,42,  1,1,-263.998, 144.080, 277.955, 409.528, 409.528,  42.744, 151.376,   0.164,   0.084,   0.287,  5,        
1986-01-24T17:52:47.962Z,26847,43,  1,1,-263.078, 143.699, 279.174, 409.631, 409.631,  42.963, 151.356,   0.210,   0.163,   0.469,  5,        
1986-01-24T17:53:35.962Z,26847,44,  1,1,-262.288, 143.313, 280.685, 410.022, 410.022,  43.201, 151.348,   0.160,   0.148,   0.392,  5,        
1986-01-24T17:54:23.961Z,26847,45,  1,1,-261.451, 143.049, 281.772, 410.141, 410.141,  43.394, 151.315,   0.198,   0.190,   0.464,  5,        
1986-01-24T17:55:11.961Z,26847,46,  1,1,-260.686, 142.735, 283.097, 410.457, 410.457,  43.607, 151.298,   0.172,   0.126,   0.150,  5,        
1986-01-24T17:55:59.961Z,26847,47,  1,1,-259.788, 142.342, 284.113, 410.453, 410.453,  43.804, 151.281,   0.354,   0.155,   0.351,  5,        
1986-01-24T17:56:47.961Z,26847,48,  1,1,-258.620, 141.964, 285.139, 410.295, 410.296,  44.024, 151.237,   0.278,   0.142,   0.350,  5,        
1986-01-24T17:57:35.961Z,26847,49,  1,1,-257.370, 141.562, 286.355, 410.218, 410.218,  44.271, 151.188,   0.270,   0.113,   0.335,  5,        
1986-01-24T17:58:23.961Z,26847,50,  1,1,-256.045, 141.209, 287.700, 410.208, 410.208,  44.536, 151.123,   0.414,   0.217,   0.293,  5,        
1986-01-24T17:59:11.961Z,26847,51,  1,1,-254.834, 140.815, 288.687, 410.012, 410.012,  44.757, 151.076,   0.341,   0.151,   0.404,  5,        
1986-01-24T17:59:59.961Z,26847,52,  1,1,-253.411, 140.393, 289.831, 409.792, 409.792,  45.013, 151.013,   0.381,   0.087,   0.229,  5,        
1986-01-24T18:00:47.961Z,26847,53,  1,1,-252.055, 140.018, 290.447, 409.263, 409.263,  45.209, 150.948,   0.421,   0.188,   0.141,  5, O      
1986-01-24T18:01:35.961Z,26847,54,  1,1,-251.387, 139.915, 290.472, 408.835, 408.837,  45.275, 150.901,   1.009,   0.245,   1.075,  5,        
1986-01-24T18:02:23.961Z,26847,55,  1,1,-248.712, 139.238, 292.269, 408.248, 408.254,  45.718, 150.758,   1.813,   0.445,   1.512,  5,        
1986-01-24T18:03:11.961Z,26847,56,  1,1,-247.309, 138.716, 292.744, 407.557, 407.557,  45.913, 150.712,   0.535,   0.185,   0.242,  5,        
1986-01-24T18:03:59.961Z,26847,57,  1,1,-245.521, 138.184, 293.444, 406.798, 406.799,  46.166, 150.628,   0.467,   0.173,   0.163,  5,        
1986-01-24T18:04:47.961Z,26847,58,  1,1,-243.791, 137.765, 294.003, 406.018, 406.018,  46.395, 150.530,   0.536,   0.055,   0.115,  5,        
1986-01-24T18:05:35.961Z,26847,59,  1,1,-241.348, 137.248, 295.083, 405.166, 405.169,  46.744, 150.374,   1.356,   0.417,   0.988,  5,        
1986-01-24T18:06:23.961Z,26848, 0,  1,1,-240.494, 137.177, 294.689, 404.347, 404.348,  46.786, 150.300,   0.702,   0.225,   0.476,  5,        
1986-01-24T18:07:11.961Z,26848, 1,  1,1,-238.634, 136.753, 294.868, 403.230, 403.230,  46.993, 150.184,   0.427,   0.118,   0.062,  4,T       
1986-01-24T18:07:59.961Z,26848, 2,  1,1,-236.798, 136.383, 295.709, 402.638, 402.641,  47.259, 150.061,   1.183,   0.293,   0.625,  5,        
1986-01-24T18:08:47.961Z,26848, 3,  1,1,-230.974, 134.553, 299.379, 401.349, 401.355,  48.239, 149.777,   1.818,   0.635,   1.226,  5,        
1986-01-24T18:09:35.960Z,26848, 4,  1,1,-228.228, 133.921, 300.313, 400.263, 400.292,  48.615, 149.596,   3.205,   1.208,   3.374,  5,        
1986-01-24T18:10:23.960Z,26848, 5,  1,1,-231.478, 135.212, 295.541, 399.009, 399.010,  47.790, 149.710,   0.546,   0.121,   0.073,  5,        
1986-01-24T18:11:11.960Z,26848, 6,  1,1,-229.504, 134.968, 295.753, 397.942, 397.942,  48.005, 149.541,   0.642,   0.087,   0.100,  5,        
1986-01-24T18:11:59.960Z,26848, 7,  1,1,-227.561, 134.530, 295.518, 396.501, 396.501,  48.186, 149.409,   0.540,   0.165,   0.147,  5,        
1986-01-24T18:12:47.960Z,26848, 8,  1,1,-225.555, 134.164, 295.419, 395.155, 395.156,  48.383, 149.255,   0.673,   0.124,   0.097,  5,        
1986-01-24T18:13:35.960Z,26848, 9,  1,1,-223.437, 133.789, 295.322, 393.749, 393.750,  48.593, 149.088,   0.465,   0.127,   0.141,  5,        
1986-01-24T18:14:23.960Z,26848,10,  1,1,-221.415, 133.401, 295.120, 392.322, 392.322,  48.785, 148.931,   0.618,   0.174,   0.048,  5,        
1986-01-24T18:15:11.960Z,26848,11,  1,1,-219.274, 133.282, 294.772, 390.814, 390.814,  48.960, 148.707,   0.670,   0.183,   0.090,  5,        
1986-01-24T18:15:59.960Z,26848,12,  1,1,-217.210, 132.783, 294.323, 389.150, 389.150,  49.141, 148.562,   0.604,   0.112,   0.111,  5,        
1986-01-24T18:16:47.960Z,26848,13,  1,1,-215.261, 132.300, 293.890, 387.572, 387.572,  49.313, 148.425,   0.735,   0.158,   0.081,  5,        
1986-01-24T18:17:35.960Z,26848,14,  1,1,-212.885, 132.199, 293.364, 385.822, 385.822,  49.496, 148.160,   0.653,   0.133,   0.198,  5,        
1986-01-24T18:18:23.960Z,26848,15,  1,1,-210.815, 131.729, 292.994, 384.241, 384.241,  49.688, 148.001,   0.642,   0.144,   0.170,  5,        
1986-01-24T18:19:11.960Z,26848,16,  1,1,-208.629, 131.414, 292.227, 382.351, 382.351,  49.844, 147.794,   0.510,   0.106,   0.212,  5,        
1986-01-24T18:19:59.960Z,26848,17,  1,1,-206.301, 131.257, 291.536, 380.502, 380.502,  50.013, 147.534,   0.564,   0.057,   0.236,  5,        
1986-01-24T18:20:47.960Z,26848,18,  1,1,-204.104, 130.843, 290.920, 378.699, 378.699,  50.193, 147.338,   0.600,   0.195,   0.290,  5,        
1986-01-24T18:21:35.960Z,26848,19,  1,1,-201.897, 130.664, 289.934, 376.693, 376.693,  50.326, 147.090,   0.630,   0.184,   0.196,  5,        
1986-01-24T18:22:23.960Z,26848,20,  1,1,-199.805, 130.230, 289.234, 374.884, 374.884,  50.491, 146.904,   0.590,   0.092,   0.310,  5,        
1986-01-24T18:23:11.960Z,26848,21,  1,1,-197.621, 129.982, 288.200, 372.839, 372.839,  50.623, 146.666,   0.522,   0.077,   0.388,  5,T       
1986-01-24T18:23:59.959Z,26848,22,  1,1,-194.534, 129.691, 286.902, 370.103, 370.103,  50.823, 146.310,   0.107,   0.069,   0.064,  2,T       
1986-01-24T18:24:47.959Z,26848,23,  1,1,-193.160, 129.459, 286.039, 368.630, 368.631,  50.891, 146.169,   0.667,   0.212,   0.288,  5,TO      
1986-01-24T18:25:35.959Z,26848,24,  1,1,-190.820, 129.159, 285.117, 366.587, 366.587,  51.056, 145.908,   0.635,   0.133,   0.402,  5,        
1986-01-24T18:26:23.959Z,26848,25,  1,1,-188.642, 128.998, 283.847, 364.411, 364.411,  51.162, 145.635,   0.494,   0.146,   0.346,  5,        
1986-01-24T18:27:11.959Z,26848,26,  1,1,-186.546, 128.704, 282.453, 362.138, 362.138,  51.257, 145.397,   0.617,   0.123,   0.371,  5,        
1986-01-24T18:27:59.959Z,26848,27,  1,1,-184.215, 128.545, 281.300, 359.984, 359.984,  51.391, 145.093,   0.636,   0.047,   0.362,  5,        
1986-01-24T18:28:47.959Z,26848,28,  1,1,-181.818, 128.476, 279.904, 357.645, 357.645,  51.502, 144.754,   0.628,   0.049,   0.503,  5,        
1986-01-24T18:29:35.959Z,26848,29,  1,1,-179.648, 128.072, 278.611, 355.387, 355.387,  51.625, 144.515,   0.658,   0.100,   0.423,  5,        
1986-01-24T18:30:23.959Z,26848,30,  1,1,-177.539, 127.952, 277.143, 353.129, 353.129,  51.704, 144.220,   0.631,   0.160,   0.420,  5,        
1986-01-24T18:31:11.959Z,26848,31,  1,1,-175.453, 127.593, 275.719, 350.834, 350.834,  51.804, 143.975,   0.609,   0.116,   0.532,  5,        
1986-01-24T18:31:59.959Z,26848,32,  1,1,-173.359, 127.454, 274.014, 348.399, 348.399,  51.859, 143.677,   0.602,   0.062,   0.370,  5,        
1986-01-24T18:32:47.959Z,26848,33,  1,1,-171.153, 127.265, 272.406, 345.969, 345.969,  51.940, 143.367,   0.619,   0.046,   0.398,  5,        
1986-01-24T18:33:35.959Z,26848,34,  1,1,-168.898, 127.098, 270.979, 343.671, 343.672,  52.044, 143.038,   0.574,   0.051,   0.501,  5,        
1986-01-24T18:34:23.959Z,26848,35,  1,1,-166.867, 126.974, 269.094, 341.143, 341.143,  52.074, 142.732,   0.560,   0.060,   0.528,  5,        
1986-01-24T18:35:11.959Z,26848,36,  1,1,-164.638, 126.668, 267.536, 338.712, 338.712,  52.173, 142.427,   0.571,   0.051,   0.435,  5,        
1986-01-24T18:35:59.959Z,26848,37,  1,1,-162.477, 126.384, 265.951, 336.306, 336.306,  52.260, 142.122,   0.651,   0.130,   0.504,  5,        
1986-01-24T18:36:47.959Z,26848,38,  1,1,-160.262, 126.188, 264.340, 333.891, 333.891,  52.344, 141.784,   0.664,   0.043,   0.571,  5,        
1986-01-24T18:37:35.959Z,26848,39,  1,1,-158.164, 126.181, 262.435, 331.375, 331.375,  52.369, 141.418,   0.583,   0.115,   0.560,  5,        
1986-01-24T18:38:23.959Z,26848,40,  1,1,-156.075, 125.967, 260.546, 328.803, 328.803,  52.411, 141.093,   0.681,   0.034,   0.543,  5,        
1986-01-24T18:39:11.959Z,26848,41,  1,1,-153.905, 125.781, 258.682, 326.227, 326.227,  52.462, 140.742,   0.531,   0.073,   0.482,  5,        
1986-01-24T18:39:59.958Z,26848,42,  1,1,-152.041, 125.506, 256.761, 323.720, 323.720,  52.482, 140.461,   0.499,   0.101,   0.634,  5,        
1986-01-24T18:40:47.958Z,26848,43,  1,1,-150.286, 125.219, 254.607, 321.076, 321.076,  52.465, 140.199,   0.424,   0.034,   0.605,  5,        
1986-01-24T18:41:35.958Z,26848,44,  1,1,-148.447, 125.060, 252.482, 318.471, 318.471,  52.447, 139.888,   0.594,   0.096,   0.670,  5,        
1986-01-24T18:42:23.958Z,26848,45,  1,1,-146.374, 124.823, 250.501, 315.843, 315.843,  52.478, 139.543,   0.564,   0.198,   0.522,  5, O      
1986-01-24T18:43:11.958Z,26848,46,  1,1,-144.459, 124.502, 248.780, 313.466, 313.466,  52.527, 139.244,   0.673,   0.116,   0.547,  5,        
1986-01-24T18:43:59.958Z,26848,47,  1,1,-142.379, 124.362, 246.571, 310.701, 310.701,  52.523, 138.864,   0.577,   0.040,   0.675,  5,        
1986-01-24T18:44:47.958Z,26848,48,  1,1,-140.506, 124.127, 244.443, 308.062, 308.062,  52.513, 138.542,   0.466,   0.081,   0.557,  5,        
1986-01-24T18:45:35.958Z,26848,49,  1,1,-138.736, 123.949, 242.408, 305.570, 305.570,  52.495, 138.222,   0.608,   0.113,   0.505,  5,        
1986-01-24T18:46:23.958Z,26848,50,  1,1,-136.819, 123.646, 240.269, 302.882, 302.882,  52.493, 137.895,   0.534,   0.096,   0.639,  5,        
1986-01-24T18:47:11.958Z,26848,51,  1,1,-134.800, 123.671, 238.092, 300.255, 300.255,  52.464, 137.466,   0.548,   0.143,   0.614,  5,        
1986-01-24T18:47:59.958Z,26848,52,  1,1,-132.944, 123.522, 235.823, 297.564, 297.565,  52.421, 137.104,   0.504,   0.137,   0.623,  5,        
1986-01-24T18:48:47.958Z,26848,53,  1,1,-131.323, 123.190, 233.734, 295.047, 295.048,  52.391, 136.830,   0.480,   0.112,   0.623,  5,        
1986-01-24T18:49:35.958Z,26848,54,  1,1,-129.562, 123.082, 231.279, 292.276, 292.276,  52.307, 136.469,   0.506,   0.038,   0.619,  5,        
1986-01-24T18:50:23.958Z,26848,55,  1,1,-127.823, 122.818, 229.172, 289.728, 289.729,  52.278, 136.144,   0.465,   0.074,   0.509,  5,        
1986-01-24T18:51:11.958Z,26848,56,  1,1,-125.855, 122.657, 226.927, 287.019, 287.019,  52.245, 135.737,   0.582,   0.056,   0.668,  5,        
1986-01-24T18:51:59.958Z,26848,57,  1,1,-124.056, 122.496, 224.681, 284.389, 284.389,  52.190, 135.363,   0.369,   0.155,   0.762,  5,        
1986-01-24T18:52:47.958Z,26848,58,  1,1,-122.677, 122.286, 222.349, 281.855, 281.856,  52.081, 135.091,   0.583,   0.104,   0.534,  5,        
1986-01-24T18:53:35.958Z,26848,59,  1,1,-120.919, 122.137, 219.944, 279.131, 279.132,  51.995, 134.713,   0.434,   0.140,   0.680,  5,        
1986-01-24T18:54:23.957Z,26849, 0,  1,1,-119.344, 121.861, 217.606, 276.488, 276.488,  51.910, 134.402,   0.523,   0.047,   0.555,  5,        
1986-01-24T18:55:11.957Z,26849, 1,  1,1,-117.570, 121.689, 215.339, 273.864, 273.865,  51.841, 134.014,   0.430,   0.157,   0.711,  5,        
1986-01-24T18:55:59.957Z,26849, 2,  1,1,-116.294, 121.375, 212.968, 271.315, 271.315,  51.716, 133.775,   0.269,   0.105,   0.293,  3,T       
1986-01-24T18:57:35.957Z,26849, 4,  1,1,-112.703, 121.049, 207.492, 265.344, 265.344,  51.441, 132.955,   0.072,   0.011,   0.080,  2,T       
1986-01-24T18:58:23.957Z,26849, 5,  1,1,-111.910, 120.741, 205.729, 263.489, 263.489,  51.333, 132.826,   0.240,   0.068,   0.755,  5,TO      
1986-01-24T18:59:11.957Z,26849, 6,  1,1,-110.410, 120.582, 203.437, 260.992, 260.993,  51.213, 132.479,   0.537,   0.053,   0.767,  5,        
1986-01-24T18:59:59.957Z,26849, 7,  1,1,-108.677, 120.628, 200.888, 258.298, 258.298,  51.054, 132.016,   0.477,   0.077,   0.604,  5,        
1986-01-24T19:00:47.957Z,26849, 8,  1,1,-107.151, 120.512, 198.624, 255.843, 255.844,  50.927, 131.641,   0.334,   0.048,   0.714,  5,        
1986-01-24T19:01:35.957Z,26849, 9,  1,1,-105.994, 120.296, 196.163, 253.349, 253.349,  50.740, 131.384,   0.399,   0.068,   0.786,  5,        
1986-01-24T19:02:23.957Z,26849,10,  1,1,-104.622, 120.254, 193.762, 250.899, 250.899,  50.558, 131.024,   0.524,   0.100,   0.657,  5,        
1986-01-24T19:03:11.957Z,26849,11,  1,1,-103.049, 120.227, 191.206, 248.260, 248.261,  50.370, 130.601,   0.340,   0.093,   0.783,  5,        
1986-01-24T19:03:59.957Z,26849,12,  1,1,-101.913, 119.969, 188.823, 245.831, 245.831,  50.184, 130.348,   0.334,   0.152,   0.736,  5,        
1986-01-24T19:04:47.957Z,26849,13,  1,1,-100.448, 119.896, 186.476, 243.389, 243.389,  50.011, 129.956,   0.465,   0.113,   0.649,  5,        
1986-01-24T19:05:35.957Z,26849,14,  1,1, -99.195, 119.658, 184.039, 240.890, 240.890,  49.818, 129.658,   0.329,   0.042,   0.736,  5,        
1986-01-24T19:06:23.957Z,26849,15,  1,1, -97.943, 119.247, 181.797, 238.459, 238.460,  49.675, 129.398,   0.360,   0.117,   0.628,  5,        
1986-01-24T19:07:11.957Z,26849,16,  1,1, -96.601, 118.955, 179.472, 235.992, 235.993,  49.508, 129.079,   0.408,   0.071,   0.641,  5,        
1986-01-24T19:07:59.957Z,26849,17,  1,1, -95.316, 118.679, 177.172, 233.580, 233.580,  49.333, 128.770,   0.336,   0.075,   0.673,  5,        
1986-01-24T19:08:47.957Z,26849,18,  1,1, -93.983, 118.499, 174.824, 231.167, 231.167,  49.136, 128.418,   0.376,   0.061,   0.658,  5,        
1986-01-24T19:09:35.956Z,26849,19,  1,1, -92.763, 118.297, 172.434, 228.763, 228.763,  48.918, 128.102,   0.330,   0.072,   0.648,  5,        
1986-01-24T19:10:23.956Z,26849,20,  1,1, -91.624, 118.036, 170.072, 226.389, 226.389,  48.698, 127.820,   0.286,   0.103,   0.675,  5,        
1986-01-24T19:11:11.956Z,26849,21,  1,1, -90.480, 117.786, 167.740, 224.047, 224.047,  48.476, 127.531,   0.309,   0.070,   0.671,  5,        
1986-01-24T19:11:59.956Z,26849,22,  1,1, -89.316, 117.598, 165.366, 221.704, 221.704,  48.235, 127.217,   0.339,   0.053,   0.669,  5,        
1986-01-24T19:12:47.956Z,26849,23,  1,1, -88.198, 117.362, 163.020, 219.381, 219.382,  47.995, 126.925,   0.312,   0.072,   0.643,  5,        
1986-01-24T19:13:35.956Z,26849,24,  1,1, -87.079, 117.195, 160.586, 217.038, 217.038,  47.723, 126.613,   0.272,   0.095,   0.693,  5,T       
1986-01-24T19:14:23.956Z,26849,25,  1,1, -86.136, 116.870, 158.222, 214.738, 214.738,  47.461, 126.391,   0.249,   0.099,   0.633,  5,T       
1986-01-24T19:15:11.956Z,26849,26,  1,1, -85.132, 116.673, 155.832, 212.471, 212.471,  47.175, 126.117,   0.304,   0.043,   0.688,  5,        
1986-01-24T19:15:59.956Z,26849,27,  1,1, -84.104, 116.453, 153.468, 210.207, 210.208,  46.893, 125.837,   0.300,   0.058,   0.650,  5,        
1986-01-24T19:16:47.956Z,26849,28,  1,1, -83.056, 116.277, 151.134, 207.991, 207.991,  46.605, 125.538,   0.323,   0.049,   0.637,  5,        
1986-01-24T19:17:35.956Z,26849,29,  1,1, -81.955, 116.014, 148.877, 205.767, 205.768,  46.346, 125.238,   0.284,   0.117,   0.614,  5,        
1986-01-24T19:18:23.956Z,26849,30,  1,1, -80.885, 115.719, 146.635, 203.557, 203.557,  46.085, 124.953,   0.295,   0.082,   0.617,  5, O      
1986-01-24T19:19:11.956Z,26849,31,  1,1, -79.607, 115.288, 143.771, 200.745, 200.745,  45.740, 124.625,   0.069,   0.006,   0.114,  2,T       
1986-01-24T19:19:59.956Z,26849,32,  1,1, -78.978, 115.067, 142.179, 199.230, 199.230,  45.532, 124.464,   0.250,   0.114,   0.606,  5,T       
1986-01-24T19:20:47.956Z,26849,33,  1,1, -78.114, 114.760, 139.923, 197.105, 197.105,  45.226, 124.242,   0.271,   0.092,   0.646,  5,        
1986-01-24T19:21:35.956Z,26849,34,  1,1, -77.228, 114.439, 137.691, 194.985, 194.985,  44.923, 124.013,   0.231,   0.111,   0.601,  5,        
1986-01-24T19:22:23.956Z,26849,35,  1,1, -76.403, 114.099, 135.440, 192.873, 192.873,  44.606, 123.807,   0.226,   0.079,   0.632,  5,        
1986-01-24T19:23:11.956Z,26849,36,  1,1, -75.530, 113.823, 133.208, 190.801, 190.801,  44.279, 123.567,   0.278,   0.050,   0.651,  5,        
1986-01-24T19:23:59.956Z,26849,37,  1,1, -74.758, 113.499, 130.949, 188.728, 188.729,  43.935, 123.372,   0.218,   0.107,   0.633,  5,        
1986-01-24T19:24:47.955Z,26849,38,  1,1, -73.951, 113.191, 128.714, 186.677, 186.677,  43.591, 123.158,   0.225,   0.126,   0.626,  5,        
1986-01-24T19:25:35.955Z,26849,39,  1,1, -73.211, 112.811, 126.522, 184.646, 184.646,  43.253, 122.982,   0.237,   0.086,   0.594,  5,        
1986-01-24T19:26:23.955Z,26849,40,  1,1, -72.392, 112.454, 124.376, 182.636, 182.636,  42.922, 122.771,   0.258,   0.082,   0.606,  5,        
1986-01-24T19:27:11.955Z,26849,41,  1,1, -71.607, 112.082, 122.214, 180.628, 180.628,  42.579, 122.574,   0.227,   0.106,   0.591,  5,        
1986-01-24T19:27:59.955Z,26849,42,  1,1, -70.774, 111.751, 120.053, 178.634, 178.634,  42.226, 122.347,   0.222,   0.110,   0.617,  5,        
1986-01-24T19:28:47.955Z,26849,43,  1,1, -70.009, 111.407, 117.935, 176.696, 176.696,  41.870, 122.146,   0.223,   0.109,   0.588,  5,        
1986-01-24T19:29:35.955Z,26849,44,  1,1, -69.323, 111.003, 115.834, 174.771, 174.772,  41.512, 121.985,   0.199,   0.101,   0.598,  5,        
1986-01-24T19:30:23.955Z,26849,45,  1,1, -68.669, 110.622, 113.709, 172.865, 172.866,  41.132, 121.830,   0.196,   0.109,   0.597,  5,        
1986-01-24T19:31:11.955Z,26849,46,  1,1, -67.949, 110.292, 111.547, 170.951, 170.951,  40.731, 121.637,   0.222,   0.102,   0.600,  5,        
1986-01-24T19:31:59.955Z,26849,47,  1,1, -67.310, 109.899, 109.486, 169.103, 169.103,  40.350, 121.486,   0.147,   0.122,   0.584,  5,        
1986-01-24T19:32:47.955Z,26849,48,  1,1, -66.663, 109.522, 107.378, 167.240, 167.240,  39.946, 121.328,   0.185,   0.088,   0.602,  5,        
1986-01-24T19:33:35.955Z,26849,49,  1,1, -66.023, 109.081, 105.324, 165.381, 165.381,  39.558, 121.185,   0.191,   0.121,   0.584,  5,        
1986-01-24T19:34:23.955Z,26849,50,  1,1, -65.438, 108.691, 103.244, 163.570, 163.571,  39.138, 121.050,   0.123,   0.131,   0.606,  5,        
1986-01-24T19:35:11.955Z,26849,51,  1,1, -64.932, 108.241, 101.191, 161.777, 161.778,  38.719, 120.959,   0.159,   0.104,   0.590,  5,        
1986-01-24T19:35:59.955Z,26849,52,  1,1, -64.354, 107.859,  99.133, 160.007, 160.008,  38.283, 120.822,   0.197,   0.093,   0.587,  5,        
1986-01-24T19:36:47.955Z,26849,53,  1,1, -63.812, 107.451,  97.110, 158.266, 158.266,  37.850, 120.705,   0.157,   0.122,   0.588,  5,        
1986-01-24T19:37:35.955Z,26849,54,  1,1, -63.174, 107.054,  95.122, 156.524, 156.524,  37.425, 120.545,   0.193,   0.104,   0.581,  5,        
1986-01-24T19:38:23.955Z,26849,55,  1,1, -62.537, 106.634,  93.174, 154.800, 154.800,  37.006, 120.390,   0.130,   0.128,   0.553,  5,        
1986-01-24T19:39:11.955Z,26849,56,  1,1, -61.983, 106.191,  91.236, 153.109, 153.109,  36.576, 120.272,   0.156,   0.135,   0.558,  5,        
1986-01-24T19:39:59.954Z,26849,57,  1,1, -61.455, 105.711,  89.348, 151.441, 151.442,  36.156, 120.172,   0.153,   0.116,   0.540,  5,        
1986-01-24T19:40:47.954Z,26849,58,  1,1, -60.916, 105.272,  87.406, 149.775, 149.776,  35.703, 120.056,   0.134,   0.129,   0.538,  5,        
1986-01-24T19:41:35.954Z,26849,59,  1,1, -60.344, 104.884,  85.477, 148.150, 148.150,  35.237, 119.914,   0.174,   0.132,   0.518,  5,        
1986-01-24T19:42:23.954Z,26850, 0,  1,1, -59.793, 104.388,  83.631, 146.513, 146.514,  34.806, 119.804,   0.109,   0.132,   0.505,  5,        
1986-01-24T19:43:11.954Z,26850, 1,  1,1, -59.282, 103.871,  81.823, 144.909, 144.910,  34.378, 119.715,   0.156,   0.141,   0.515,  5,        
1986-01-24T19:43:59.954Z,26850, 2,  1,1, -58.727, 103.395,  80.008, 143.320, 143.320,  33.935, 119.596,   0.167,   0.139,   0.496,  5,        
1986-01-24T19:44:47.954Z,26850, 3,  1,1, -58.242, 102.867,  78.251, 141.763, 141.763,  33.503, 119.518,   0.127,   0.151,   0.462,  5,        
1986-01-24T19:45:35.954Z,26850, 4,  1,1, -57.809, 102.413,  76.692, 140.400, 140.400,  33.109, 119.444,   0.116,   0.094,   0.370,  4,T       
1986-01-24T19:46:23.954Z,26850, 5,  1,1, -57.086, 101.746,  74.128, 138.224, 138.224,  32.431, 119.295,   0.014,   0.013,   0.126,  2,T       
1986-01-24T19:47:59.954Z,26850, 7,  1,1, -56.483, 100.834,  71.064, 135.676, 135.676,  31.586, 119.256,   0.122,   0.176,   0.494,  5,TO      
1986-01-24T19:48:47.954Z,26850, 8,  1,1, -56.036, 100.295,  69.334, 134.187, 134.188,  31.111, 119.193,   0.121,   0.129,   0.442,  5,T       
1986-01-24T19:49:35.954Z,26850, 9,  1,1, -55.630,  99.765,  67.637, 132.750, 132.750,  30.631, 119.144,   0.108,   0.154,   0.465,  5,        
1986-01-24T19:50:23.954Z,26850,10,  1,1, -55.253,  99.191,  65.935, 131.298, 131.299,  30.144, 119.120,   0.104,   0.147,   0.453,  5,        
1986-01-24T19:51:11.954Z,26850,11,  1,1, -54.868,  98.625,  64.276, 129.880, 129.880,  29.662, 119.088,   0.112,   0.153,   0.496,  5,        
1986-01-24T19:51:59.954Z,26850,12,  1,1, -54.410,  98.095,  62.614, 128.466, 128.466,  29.170, 119.016,   0.105,   0.151,   0.459,  5,        
1986-01-24T19:52:47.954Z,26850,13,  1,1, -54.026,  97.569,  60.924, 127.083, 127.084,  28.646, 118.974,   0.151,   0.158,   0.465,  5,        
1986-01-24T19:53:35.954Z,26850,14,  1,1, -53.520,  97.088,  59.271, 125.712, 125.712,  28.131, 118.866,   0.127,   0.180,   0.441,  5,        
1986-01-24T19:54:23.954Z,26850,15,  1,1, -53.155,  96.480,  57.659, 124.333, 124.333,  27.629, 118.852,   0.108,   0.182,   0.452,  5,        
1986-01-24T19:55:11.953Z,26850,16,  1,1, -52.705,  95.945,  56.161, 123.034, 123.034,  27.159, 118.781,   0.105,   0.170,   0.422,  5,        
1986-01-24T19:55:59.953Z,26850,17,  1,1, -52.271,  95.351,  54.600, 121.677, 121.677,  26.662, 118.731,   0.138,   0.155,   0.406,  5,        
1986-01-24T19:56:47.953Z,26850,18,  1,1, -51.825,  94.811,  53.052, 120.372, 120.372,  26.151, 118.662,   0.118,   0.161,   0.425,  5,        
1986-01-24T19:57:35.953Z,26850,19,  1,1, -51.486,  94.234,  51.513, 119.098, 119.099,  25.628, 118.651,   0.077,   0.140,   0.457,  5,        
1986-01-24T19:58:23.953Z,26850,20,  1,1, -51.183,  93.658,  49.937, 117.836, 117.836,  25.074, 118.656,   0.085,   0.150,   0.448,  5,        
1986-01-24T19:59:11.953Z,26850,21,  1,1, -50.865,  93.077,  48.388, 116.585, 116.585,  24.522, 118.656,   0.084,   0.135,   0.426,  5,        
1986-01-24T19:59:59.953Z,26850,22,  1,1, -50.561,  92.499,  46.781, 115.330, 115.330,  23.931, 118.661,   0.084,   0.167,   0.456,  5,        
1986-01-24T20:00:47.953Z,26850,23,  1,1, -50.250,  91.914,  45.244, 114.106, 114.107,  23.360, 118.666,   0.082,   0.150,   0.439,  5,        
1986-01-24T20:01:35.953Z,26850,24,  1,1, -49.930,  91.316,  43.823, 112.925, 112.926,  22.835, 118.669,   0.088,   0.167,   0.402,  5,        
1986-01-24T20:02:23.953Z,26850,25,  1,1, -49.538,  90.695,  42.372, 111.691, 111.692,  22.294, 118.644,   0.114,   0.161,   0.411,  5,        
1986-01-24T20:03:11.953Z,26850,26,  1,1, -49.158,  90.135,  40.881, 110.508, 110.508,  21.712, 118.607,   0.124,   0.169,   0.448,  5,        
1986-01-24T20:03:59.953Z,26850,27,  1,1, -48.851,  89.558,  39.384, 109.353, 109.354,  21.110, 118.611,   0.076,   0.170,   0.397,  5,        
1986-01-24T20:04:47.953Z,26850,28,  1,1, -48.604,  88.969,  37.868, 108.221, 108.222,  20.482, 118.648,   0.078,   0.195,   0.412,  5,        
1986-01-24T20:05:35.953Z,26850,29,  1,1, -48.351,  88.340,  36.380, 107.076, 107.076,  19.862, 118.693,   0.079,   0.208,   0.410,  5,        
1986-01-24T20:06:23.953Z,26850,30,  1,1, -48.097,  87.743,  34.976, 105.998, 105.998,  19.267, 118.730,   0.074,   0.183,   0.398,  5,        
1986-01-24T20:07:11.953Z,26850,31,  1,1, -47.843,  87.097,  33.558, 104.886, 104.886,  18.660, 118.780,   0.074,   0.171,   0.358,  5,        
1986-01-24T20:07:59.953Z,26850,32,  1,1, -47.530,  86.457,  32.225, 103.790, 103.790,  18.088, 118.800,   0.121,   0.151,   0.369,  5,        
1986-01-24T20:08:47.953Z,26850,33,  1,1, -47.176,  85.848,  30.995, 102.743, 102.744,  17.558, 118.790,   0.080,   0.174,   0.333,  5,        
1986-01-24T20:09:35.953Z,26850,34,  1,1, -46.823,  85.216,  29.700, 101.668, 101.668,  16.985, 118.787,   0.121,   0.159,   0.390,  5,        
1986-01-24T20:10:23.952Z,26850,35,  1,1, -46.450,  84.609,  28.377, 100.606, 100.606,  16.383, 118.767,   0.117,   0.179,   0.378,  5,        
1986-01-24T20:11:11.952Z,26850,36,  1,1, -46.131,  83.955,  27.053,  99.541,  99.541,  15.770, 118.788,   0.074,   0.205,   0.384,  5,        
1986-01-24T20:11:59.952Z,26850,37,  1,1, -45.857,  83.346,  25.788,  98.562,  98.563,  15.168, 118.820,   0.098,   0.187,   0.362,  5,        
1986-01-24T20:12:47.952Z,26850,38,  1,1, -45.537,  82.729,  24.448,  97.547,  97.547,  14.515, 118.830,   0.068,   0.188,   0.347,  5,        
1986-01-24T20:13:35.952Z,26850,39,  1,1, -45.335,  82.072,  23.062,  96.555,  96.556,  13.819, 118.915,   0.054,   0.176,   0.389,  5,        
1986-01-24T20:14:23.952Z,26850,40,  1,1, -45.133,  81.416,  21.765,  95.599,  95.600,  13.160, 119.002,   0.060,   0.202,   0.359,  5,        
1986-01-24T20:15:11.952Z,26850,41,  1,1, -44.906,  80.724,  20.478,  94.616,  94.617,  12.500, 119.087,   0.082,   0.203,   0.345,  5,        
1986-01-24T20:15:59.952Z,26850,42,  1,1, -44.612,  80.082,  19.335,  93.686,  93.687,  11.910, 119.121,   0.085,   0.232,   0.348,  5,        
1986-01-24T20:16:47.952Z,26850,43,  1,1, -44.340,  79.373,  18.177,  92.717,  92.717,  11.306, 119.189,   0.077,   0.214,   0.354,  5,        
1986-01-24T20:17:35.952Z,26850,44,  1,1, -44.046,  78.679,  17.085,  91.773,  91.773,  10.729, 119.241,   0.101,   0.175,   0.332,  5,        
1986-01-24T20:18:23.952Z,26850,45,  1,1, -43.755,  77.993,  15.938,  90.838,  90.838,  10.106, 119.293,   0.067,   0.210,   0.312,  5,        
1986-01-24T20:19:11.952Z,26850,46,  1,1, -43.529,  77.292,  14.877,  89.945,  89.946,   9.521, 119.388,   0.062,   0.217,   0.330,  5,        
1986-01-24T20:19:59.952Z,26850,47,  1,1, -43.311,  76.598,  13.741,  89.061,  89.062,   8.875, 119.485,   0.070,   0.209,   0.318,  5,        
1986-01-24T20:20:47.952Z,26850,48,  1,1, -43.010,  75.926,  12.649,  88.173,  88.174,   8.248, 119.531,   0.077,   0.202,   0.328,  5,        
1986-01-24T20:21:35.952Z,26850,49,  1,1, -42.777,  75.218,  11.510,  87.293,  87.294,   7.577, 119.627,   0.056,   0.185,   0.355,  5,        
1986-01-24T20:22:23.952Z,26850,50,  1,1, -42.505,  74.524,  10.403,  86.422,  86.422,   6.914, 119.698,   0.070,   0.220,   0.309,  5,        
1986-01-24T20:23:11.952Z,26850,51,  1,1, -42.362,  73.780,   9.301,  85.583,  85.583,   6.239, 119.863,   0.032,   0.213,   0.305,  5,        
1986-01-24T20:23:59.952Z,26850,52,  1,1, -42.192,  73.041,   8.292,  84.758,  84.758,   5.614, 120.013,   0.048,   0.194,   0.324,  5,        
1986-01-24T20:24:47.952Z,26850,53,  1,1, -42.021,  72.307,   7.204,  83.940,  83.940,   4.923, 120.163,   0.044,   0.221,   0.316,  5,        
1986-01-24T20:25:35.951Z,26850,54,  1,1, -41.825,  71.573,   6.195,  83.129,  83.129,   4.273, 120.301,   0.069,   0.238,   0.296,  5,        
1986-01-24T20:26:23.951Z,26850,55,  1,1, -41.628,  70.815,   5.142,  82.305,  82.305,   3.582, 120.449,   0.053,   0.198,   0.277,  5,        
1986-01-24T20:27:11.951Z,26850,56,  1,1, -41.398,  70.082,   4.161,  81.502,  81.502,   2.926, 120.571,   0.085,   0.201,   0.231,  5,        
1986-01-24T20:27:59.951Z,26850,57,  1,1, -41.132,  69.348,   3.270,  80.695,  80.695,   2.322, 120.673,   0.057,   0.230,   0.245,  5,        
1986-01-24T20:28:47.951Z,26850,58,  1,1, -41.018,  68.520,   2.273,  79.892,  79.892,   1.630, 120.906,   0.035,   0.238,   0.307,  5,        
1986-01-24T20:29:35.951Z,26850,59,  1,1, -40.855,  67.748,   1.360,  79.125,  79.125,   0.985, 121.092,   0.054,   0.214,   0.244,  5,        
1986-01-24T20:30:23.951Z,26851, 0,  1,1, -40.654,  66.996,   0.473,  78.368,  78.368,   0.346, 121.250,   0.059,   0.214,   0.250,  5,        
1986-01-24T20:31:11.951Z,26851, 1,  1,1, -40.454,  66.241,  -0.418,  77.617,  77.618,  -0.308, 121.413,   0.058,   0.212,   0.250,  5,        
1986-01-24T20:31:59.951Z,26851, 2,  1,1, -40.230,  65.502,  -1.301,  76.880,  76.881,  -0.970, 121.557,   0.069,   0.217,   0.244,  5,        
1986-01-24T20:32:47.951Z,26851, 3,  1,1, -39.990,  64.764,  -2.148,  76.146,  76.146,  -1.617, 121.695,   0.059,   0.216,   0.244,  5,        
1986-01-24T20:33:35.951Z,26851, 4,  1,1, -39.762,  64.008,  -2.979,  75.411,  75.412,  -2.264, 121.849,   0.056,   0.209,   0.228,  5,        
1986-01-24T20:34:23.951Z,26851, 5,  1,1, -39.512,  63.012,  -4.026,  74.485,  74.485,  -3.098, 122.090,   0.010,   0.027,   0.043,  2,TO      
1986-01-24T20:35:11.951Z,26851, 6,  1,1, -39.392,  62.480,  -4.584,  74.003,  74.004,  -3.551, 122.230,   0.046,   0.210,   0.218,  5,T       
1986-01-24T20:35:59.951Z,26851, 7,  1,1, -39.193,  61.712,  -5.363,  73.302,  73.302,  -4.196, 122.419,   0.068,   0.213,   0.214,  5,        
1986-01-24T20:36:47.951Z,26851, 8,  1,1, -38.998,  60.937,  -6.164,  72.609,  72.610,  -4.870, 122.618,   0.049,   0.220,   0.235,  5,        
1986-01-24T20:37:35.951Z,26851, 9,  1,1, -38.824,  60.149,  -7.010,  71.933,  71.933,  -5.592, 122.841,   0.055,   0.219,   0.235,  5,        
1986-01-24T20:38:23.951Z,26851,10,  1,1, -38.630,  59.373,  -7.815,  71.264,  71.264,  -6.296, 123.049,   0.055,   0.225,   0.217,  5,        
1986-01-24T20:39:11.951Z,26851,11,  1,1, -38.444,  58.593,  -8.575,  70.602,  70.602,  -6.976, 123.270,   0.047,   0.221,   0.207,  5,        
1986-01-24T20:39:59.951Z,26851,12,  1,1, -38.250,  57.816,  -9.298,  69.944,  69.945,  -7.640, 123.488,   0.055,   0.221,   0.201,  5,        
1986-01-24T20:40:47.950Z,26851,13,  1,1, -38.052,  57.041,  -9.987,  69.292,  69.292,  -8.287, 123.707,   0.051,   0.212,   0.185,  5,        
1986-01-24T20:41:35.950Z,26851,14,  1,1, -37.868,  56.273, -10.653,  68.659,  68.660,  -8.926, 123.938,   0.056,   0.218,   0.185,  5,        
1986-01-24T20:42:23.950Z,26851,15,  1,1, -37.665,  55.483, -11.337,  68.011,  68.011,  -9.595, 124.171,   0.062,   0.220,   0.187,  5,        
1986-01-24T20:43:11.950Z,26851,16,  1,1, -37.488,  54.712, -11.978,  67.396,  67.397, -10.237, 124.418,   0.061,   0.218,   0.177,  5,        
1986-01-24T20:43:59.950Z,26851,17,  1,1, -37.296,  53.931, -12.591,  66.769,  66.770, -10.870, 124.666,   0.051,   0.218,   0.166,  5,        
1986-01-24T20:44:47.950Z,26851,18,  1,1, -37.128,  53.147, -13.197,  66.160,  66.161, -11.506, 124.938,   0.047,   0.216,   0.171,  5,        
1986-01-24T20:45:35.950Z,26851,19,  1,1, -36.943,  52.368, -13.778,  65.552,  65.553, -12.133, 125.201,   0.051,   0.219,   0.150,  5,        
1986-01-24T20:46:23.950Z,26851,20,  1,1, -36.759,  51.595, -14.326,  64.950,  64.951, -12.743, 125.468,   0.042,   0.223,   0.151,  5,        
1986-01-24T20:47:11.950Z,26851,21,  1,1, -36.615,  50.817, -14.855,  64.371,  64.372, -13.343, 125.774,   0.045,   0.226,   0.161,  5,        
1986-01-24T20:47:59.950Z,26851,22,  1,1, -36.435,  50.039, -15.410,  63.788,  63.788, -13.980, 126.060,   0.044,   0.231,   0.164,  5,        
1986-01-24T20:48:47.950Z,26851,23,  1,1, -36.275,  49.241, -15.960,  63.208,  63.209, -14.626, 126.378,   0.051,   0.229,   0.152,  5,        
1986-01-24T20:49:35.950Z,26851,24,  1,1, -36.126,  48.455, -16.489,  62.649,  62.650, -15.260, 126.707,   0.034,   0.224,   0.140,  5,        
1986-01-24T20:50:23.950Z,26851,25,  1,1, -35.968,  47.657, -16.993,  62.078,  62.078, -15.887, 127.043,   0.053,   0.221,   0.144,  5,        
1986-01-24T20:51:11.950Z,26851,26,  1,1, -35.831,  46.875, -17.455,  61.529,  61.529, -16.480, 127.395,   0.038,   0.219,   0.126,  5,        
1986-01-24T20:51:59.950Z,26851,27,  1,1, -35.683,  46.085, -17.912,  60.975,  60.975, -17.083, 127.750,   0.041,   0.226,   0.120,  5,        
1986-01-24T20:52:47.950Z,26851,28,  1,1, -35.535,  45.321, -18.328,  60.437,  60.438, -17.654, 128.099,   0.038,   0.222,   0.112,  5,        
1986-01-24T20:53:35.950Z,26851,29,  1,1, -35.419,  44.563, -18.708,  59.919,  59.920, -18.193, 128.478,   0.043,   0.197,   0.104,  5,T       
1986-01-24T20:54:23.950Z,26851,30,  1,1, -35.225,  43.814, -19.119,  59.380,  59.380, -18.783, 128.798,   0.046,   0.214,   0.109,  5,T       
1986-01-24T20:55:11.949Z,26851,31,  1,1, -35.071,  43.052, -19.506,  58.855,  58.855, -19.355, 129.167,   0.031,   0.225,   0.109,  5,        
1986-01-24T20:55:59.949Z,26851,32,  1,1, -34.985,  42.250, -19.878,  58.345,  58.345, -19.919, 129.627,   0.020,   0.224,   0.109,  5,        
1986-01-24T20:56:47.949Z,26851,33,  1,1, -34.918,  41.432, -20.245,  57.842,  57.843, -20.488, 130.123,   0.017,   0.228,   0.099,  5,        
1986-01-24T20:57:35.949Z,26851,34,  1,1, -34.838,  40.606, -20.592,  57.328,  57.329, -21.051, 130.628,   0.037,   0.226,   0.093,  5,        
1986-01-24T20:58:23.949Z,26851,35,  1,1, -34.661,  39.902, -20.906,  56.839,  56.839, -21.581, 130.980,   0.052,   0.195,   0.085,  5,        
1986-01-24T20:59:11.949Z,26851,36,  1,1, -34.482,  39.179, -21.186,  56.328,  56.328, -22.093, 131.352,   0.039,   0.195,   0.074,  5,        
1986-01-24T20:59:59.949Z,26851,37,  1,1, -34.346,  38.479, -21.440,  55.857,  55.857, -22.572, 131.752,   0.040,   0.194,   0.070,  5,