PDSTIME              SC_X        SC_Y        SC_Z       SC_R        SC_LAT   SC_LON
1986-01-24T14:59:59   -6.138517   0.169161    5.075371   7.966777   39.546   143.133
1986-01-24T15:00:47   -6.129697   0.173591    5.045950   7.941352   39.423   142.780
1986-01-24T15:01:35   -6.120869   0.178021    5.016520   7.915950   39.298   142.428
1986-01-24T15:02:23   -6.112025   0.182451    4.987083   7.890578   39.173   142.075
1986-01-24T15:03:11   -6.103175   0.186881    4.957638   7.865236   39.047   141.722
1986-01-24T15:03:59   -6.094315   0.191310    4.928185   7.839922   38.921   141.368
1986-01-24T15:04:47   -6.085444   0.195739    4.898723   7.814635   38.793   141.015
1986-01-24T15:05:35   -6.076565   0.200167    4.869252   7.789376   38.664   140.662
1986-01-24T15:06:23   -6.067672   0.204596    4.839770   7.764148   38.535   140.308
1986-01-24T15:07:11   -6.058767   0.209023    4.810287   7.738950   38.405   139.955
1986-01-24T15:07:59   -6.049862   0.213451    4.780788   7.713781   38.274   139.601
1986-01-24T15:08:47   -6.040936   0.217878    4.751287   7.688641   38.142   139.247
1986-01-24T15:09:35   -6.032003   0.222305    4.721775   7.663533   38.009   138.893
1986-01-24T15:10:23   -6.023060   0.226731    4.692256   7.638456   37.875   138.538
1986-01-24T15:11:11   -6.014106   0.231157    4.662725   7.613412   37.741   138.184
1986-01-24T15:11:59   -6.005138   0.235582    4.633190   7.588396   37.605   137.830
1986-01-24T15:12:47   -5.996166   0.240008    4.603641   7.563415   37.469   137.475
1986-01-24T15:13:35   -5.987179   0.244432    4.574091   7.538464   37.332   137.120
1986-01-24T15:14:23   -5.978179   0.248856    4.544528   7.513548   37.193   136.765
1986-01-24T15:15:11   -5.969170   0.253280    4.514957   7.488666   37.054   136.410
1986-01-24T15:15:59   -5.960152   0.257703    4.485376   7.463814   36.914   136.055
1986-01-24T15:16:47   -5.951117   0.262126    4.455785   7.438998   36.773   135.700
1986-01-24T15:17:35   -5.942077   0.266548    4.426191   7.414214   36.631   135.344
1986-01-24T15:18:23   -5.933019   0.270970    4.396585   7.389468   36.488   134.989
1986-01-24T15:19:11   -5.923954   0.275391    4.366973   7.364756   36.344   134.633
1986-01-24T15:19:59   -5.914875   0.279812    4.337349   7.340076   36.199   134.277
1986-01-24T15:20:47   -5.905784   0.284232    4.307720   7.315438   36.053   133.921
1986-01-24T15:21:35   -5.896682   0.288652    4.278080   7.290833   35.906   133.565
1986-01-24T15:22:23   -5.887566   0.293070    4.248431   7.266264   35.758   133.209
1986-01-24T15:23:11   -5.878441   0.297489    4.218773   7.241732   35.609   132.852
1986-01-24T15:23:59   -5.869303   0.301907    4.189105   7.217238   35.458   132.496
1986-01-24T15:24:47   -5.860150   0.306324    4.159430   7.192785   35.307   132.139
1986-01-24T15:25:35   -5.850987   0.310740    4.129745   7.168367   35.155   131.782
1986-01-24T15:26:23   -5.841810   0.315156    4.100052   7.143990   35.002   131.425
1986-01-24T15:27:11   -5.832618   0.319571    4.070345   7.119650   34.848   131.068
1986-01-24T15:27:59   -5.823418   0.323985    4.040638   7.095349   34.692   130.711
1986-01-24T15:28:47   -5.814203   0.328399    4.010920   7.071092   34.536   130.353
1986-01-24T15:29:35   -5.804976   0.332812    3.981186   7.046875   34.378   129.996
1986-01-24T15:30:23   -5.795732   0.337224    3.951453   7.022699   34.220   129.638
1986-01-24T15:31:11   -5.786475   0.341635    3.921702   6.998562   34.060   129.280
1986-01-24T15:31:59   -5.777210   0.346046    3.891944   6.974469   33.899   128.922
1986-01-24T15:32:47   -5.767926   0.350455    3.862181   6.950420   33.737   128.563
1986-01-24T15:33:35   -5.758632   0.354864    3.832405   6.926414   33.574   128.205
1986-01-24T15:34:23   -5.749323   0.359272    3.802623   6.902450   33.409   127.846
1986-01-24T15:35:11   -5.740000   0.363679    3.772826   6.878531   33.244   127.488
1986-01-24T15:35:59   -5.730660   0.368086    3.743027   6.854656   33.077   127.129
1986-01-24T15:36:47   -5.721311   0.372491    3.713214   6.830826   32.909   126.770
1986-01-24T15:37:35   -5.711944   0.376895    3.683393   6.807044   32.740   126.411
1986-01-24T15:39:11   -5.693170   0.385702    3.623723   6.759618   32.398   125.692
1986-01-24T15:39:59   -5.683761   0.390103    3.593874   6.735973   32.226   125.332
1986-01-24T15:40:47   -5.674337   0.394504    3.564018   6.712379   32.052   124.972
1986-01-24T15:41:35   -5.664899   0.398903    3.534150   6.688833   31.877   124.612
1986-01-24T15:42:23   -5.655444   0.403302    3.504271   6.665337   31.700   124.252
1986-01-24T15:43:11   -5.645974   0.407699    3.474385   6.641889   31.522   123.892
1986-01-24T15:43:59   -5.636489   0.412095    3.444490   6.618493   31.343   123.531
1986-01-24T15:44:47   -5.626990   0.416490    3.414583   6.595146   31.163   123.170
1986-01-24T15:45:35   -5.617476   0.420884    3.384668   6.571851   30.982   122.810
1986-01-24T15:46:23   -5.607944   0.425277    3.354748   6.548611   30.799   122.448
1986-01-24T15:47:11   -5.598397   0.429668    3.324811   6.525420   30.614   122.087
1986-01-24T15:47:59   -5.588832   0.434059    3.294868   6.502285   30.429   121.726
1986-01-24T15:48:47   -5.579250   0.438448    3.264916   6.479203   30.242   121.364
1986-01-24T15:49:35   -5.569655   0.442836    3.234956   6.456175   30.054   121.003
1986-01-24T15:50:23   -5.560047   0.447222    3.204981   6.433203   29.864   120.641
1986-01-24T15:51:11   -5.550418   0.451607    3.174999   6.410285   29.673   120.279
1986-01-24T15:51:59   -5.540770   0.455991    3.145010   6.387428   29.481   119.916
1986-01-24T15:52:47   -5.531108   0.460374    3.115007   6.364624   29.287   119.554
1986-01-24T15:53:35   -5.521425   0.464755    3.084998   6.341882   29.092   119.191
1986-01-24T15:54:23   -5.511730   0.469134    3.054976   6.319195   28.895   118.828
1986-01-24T15:55:11   -5.502014   0.473512    3.024946   6.296569   28.697   118.465
1986-01-24T15:55:59   -5.492286   0.477888    2.994908   6.274004   28.497   118.102
1986-01-24T15:56:47   -5.482534   0.482263    2.964862   6.251501   28.297   117.739
1986-01-24T15:57:35   -5.472770   0.486637    2.934802   6.229056   28.094   117.375
1986-01-24T15:58:23   -5.462982   0.491009    2.904733   6.206676   27.890   117.012
1986-01-24T15:59:11   -5.453178   0.495379    2.874656   6.184359   27.685   116.648
1986-01-24T15:59:59   -5.443357   0.499747    2.844567   6.162104   27.478   116.284
1986-01-24T16:00:47   -5.433516   0.504114    2.814467   6.139915   27.269   115.919
1986-01-24T16:02:23   -5.413777   0.512842    2.754246   6.095736   26.848   115.190
1986-01-24T16:03:11   -5.403884   0.517204    2.724122   6.073744   26.635   114.825
1986-01-24T16:03:59   -5.393967   0.521564    2.693983   6.051822   26.420   114.460
1986-01-24T16:04:47   -5.384030   0.525922    2.663838   6.029966   26.204   114.095
1986-01-24T16:05:35   -5.374075   0.530277    2.633686   6.008183   25.986   113.729
1986-01-24T16:06:23   -5.364100   0.534631    2.603521   5.986467   25.766   113.363
1986-01-24T16:07:11   -5.354105   0.538983    2.573346   5.964826   25.545   112.997
1986-01-24T16:07:59   -5.344090   0.543333    2.543162   5.943254   25.323   112.631
1986-01-24T16:08:47   -5.334056   0.547681    2.512970   5.921756   25.098   112.265
1986-01-24T16:09:35   -5.323998   0.552027    2.482765   5.900331   24.872   111.899
1986-01-24T16:10:23   -5.313926   0.556371    2.452552   5.878983   24.645   111.532
1986-01-24T16:11:11   -5.303825   0.560712    2.422327   5.857707   24.415   111.165
1986-01-24T16:11:59   -5.293709   0.565051    2.392097   5.836510   24.184   110.798
1986-01-24T16:12:47   -5.283572   0.569388    2.361854   5.815390   23.952   110.430
1986-01-24T16:13:35   -5.273410   0.573723    2.331604   5.794348   23.717   110.063
1986-01-24T16:14:23   -5.263227   0.578055    2.301341   5.773383   23.481   109.695
1986-01-24T16:15:11   -5.253025   0.582385    2.271071   5.752501   23.243   109.327
1986-01-24T16:15:59   -5.242798   0.586713    2.240791   5.731701   23.003   108.959
1986-01-24T16:16:47   -5.232550   0.591038    2.210503   5.710981   22.762   108.590
1986-01-24T16:17:35   -5.222281   0.595360    2.180203   5.690346   22.519   108.222
1986-01-24T16:18:23   -5.211986   0.599680    2.149896   5.669792   22.274   107.853
1986-01-24T16:19:11   -5.201673   0.603997    2.119576   5.649326   22.027   107.484
1986-01-24T16:19:59   -5.191333   0.608312    2.089248   5.628946   21.778   107.114
1986-01-24T16:20:47   -5.180972   0.612624    2.058914   5.608652   21.528   106.745
1986-01-24T16:21:35   -5.170589   0.616933    2.028565   5.588447   21.276   106.375
1986-01-24T16:22:23   -5.160177   0.621239    1.998213   5.568330   21.021   106.005
1986-01-24T16:23:11   -5.149746   0.625543    1.967846   5.548304   20.765   105.634
1986-01-24T16:23:59   -5.139290   0.629844    1.937473   5.528371   20.508   105.264
1986-01-24T16:24:47   -5.128807   0.634141    1.907092   5.508528   20.248   104.893
1986-01-24T16:25:35   -5.118304   0.638436    1.876698   5.488779   19.986   104.522
1986-01-24T16:26:23   -5.107776   0.642727    1.846299   5.469127   19.723   104.151
1986-01-24T16:27:11   -5.097221   0.647016    1.815891   5.449570   19.457   103.779
1986-01-24T16:27:59   -5.086641   0.651301    1.785470   5.430109   19.190   103.408
1986-01-24T16:28:47   -5.076038   0.655583    1.755044   5.410748   18.920   103.036
1986-01-24T16:29:35   -5.065406   0.659862    1.724609   5.391482   18.649   102.663
1986-01-24T16:30:23   -5.054748   0.664137    1.694163   5.372320   18.376   102.291
1986-01-24T16:31:11   -5.044067   0.668409    1.663712   5.353257   18.101   101.918
1986-01-24T16:31:59   -5.033360   0.672677    1.633247   5.334302   17.823   101.545
1986-01-24T16:32:47   -5.022623   0.676942    1.602777   5.315446   17.544   101.172
1986-01-24T16:33:35   -5.011864   0.681203    1.572297   5.296697   17.263   100.799
1986-01-24T16:34:23   -5.001076   0.685461    1.541811   5.278053   16.980   100.425
1986-01-24T16:35:11   -4.990260   0.689715    1.511315   5.259520   16.694   100.051
1986-01-24T16:35:59   -4.979419   0.693965    1.480810   5.241092   16.407    99.676
1986-01-24T16:36:47   -4.968546   0.698211    1.450297   5.222776   16.118    99.302
1986-01-24T16:37:35   -4.957652   0.702454    1.419777   5.204571   15.827    98.927
1986-01-24T16:38:23   -4.946725   0.706693    1.389249   5.186481   15.533    98.552
1986-01-24T16:39:11   -4.935772   0.710927    1.358710   5.168503   15.238    98.177
1986-01-24T16:39:59   -4.924791   0.715157    1.328167   5.150639   14.940    97.801
1986-01-24T16:40:47   -4.913777   0.719384    1.297614   5.132893   14.640    97.425
1986-01-24T16:41:35   -4.902736   0.723606    1.267056   5.115266   14.339    97.049
1986-01-24T16:42:23   -4.891670   0.727823    1.236487   5.097755   14.035    96.672
1986-01-24T16:43:11   -4.880569   0.732036    1.205913   5.080369   13.729    96.295
1986-01-24T16:43:59   -4.869442   0.736245    1.175331   5.063100   13.421    95.918
1986-01-24T16:44:47   -4.858285   0.740450    1.144740   5.045959   13.111    95.541
1986-01-24T16:45:35   -4.847097   0.744650    1.114144   5.028940   12.798    95.163
1986-01-24T16:46:23   -4.835877   0.748845    1.083541   5.012048   12.484    94.785
1986-01-24T16:47:11   -4.824633   0.753035    1.052931   4.995283   12.167    94.407
1986-01-24T16:47:59   -4.813352   0.757220    1.022313   4.978644   11.848    94.029
1986-01-24T16:48:47   -4.802038   0.761401    0.991691   4.962140   11.528    93.650
1986-01-24T16:49:35   -4.790697   0.765577    0.961061   4.945765   11.205    93.271
1986-01-24T16:50:23   -4.779325   0.769747    0.930425   4.929523   10.879    92.891
1986-01-24T16:51:11   -4.767920   0.773913    0.899782   4.913416   10.552    92.511
1986-01-24T16:51:59   -4.756481   0.778074    0.869133   4.897445   10.223    92.131
1986-01-24T16:52:47   -4.745012   0.782229    0.838479   4.881612    9.891    91.751
1986-01-24T16:53:35   -4.733510   0.786378    0.807819   4.865915    9.557    91.370
1986-01-24T16:54:23   -4.721975   0.790522    0.777153   4.850361    9.221    90.989
1986-01-24T16:55:11   -4.710411   0.794661    0.746481   4.834948    8.883    90.608
1986-01-24T16:55:59   -4.698810   0.798794    0.715805   4.819678    8.543    90.226
1986-01-24T16:56:47   -4.687177   0.802922    0.685123   4.804554    8.200    89.844
1986-01-24T16:57:35   -4.675506   0.807044    0.654437   4.789573    7.855    89.461
1986-01-24T16:58:23   -4.663804   0.811159    0.623746   4.774743    7.509    89.079
1986-01-24T16:59:11   -4.652069   0.815270    0.593050   4.760060    7.160    88.696
1986-01-24T16:59:59   -4.640300   0.819373    0.562349   4.745528    6.809    88.312
1986-01-24T17:00:47   -4.628497   0.823471    0.531645   4.731148    6.455    87.928
1986-01-24T17:01:35   -4.616653   0.827563    0.500937   4.716921    6.100    87.544
1986-01-24T17:02:23   -4.604779   0.831649    0.470224   4.702850    5.742    87.160
1986-01-24T17:03:11   -4.592874   0.835728    0.439508   4.688937    5.382    86.775
1986-01-24T17:03:59   -4.580926   0.839800    0.408789   4.675180    5.021    86.390
1986-01-24T17:04:47   -4.568948   0.843866    0.378067   4.661583    4.656    86.004
1986-01-24T17:05:35   -4.556931   0.847925    0.347342   4.648148    4.290    85.618
1986-01-24T17:06:23   -4.544875   0.851978    0.316613   4.634874    3.922    85.232
1986-01-24T17:07:11   -4.532786   0.856024    0.285883   4.621764    3.552    84.845
1986-01-24T17:07:59   -4.520660   0.860063    0.255150   4.608822    3.179    84.458
1986-01-24T17:08:47   -4.508498   0.864095    0.224415   4.596045    2.805    84.071
1986-01-24T17:09:35   -4.496299   0.868120    0.193678   4.583439    2.428    83.683
1986-01-24T17:10:23   -4.484062   0.872138    0.162939   4.571002    2.049    83.295
1986-01-24T17:11:11   -4.471786   0.876148    0.132200   4.558735    1.669    82.906
1986-01-24T17:11:59   -4.459478   0.880151    0.101459   4.546641    1.286    82.517
1986-01-24T17:12:47   -4.447127   0.884147    0.070717   4.534723    0.901    82.128
1986-01-24T17:13:35   -4.434740   0.888135    0.039975   4.522983    0.514    81.738
1986-01-24T17:14:23   -4.422316   0.892115    0.009232   4.511415    0.125    81.348
1986-01-24T17:15:11   -4.409855   0.896088   -0.021511   4.500031   -0.266    80.957
1986-01-24T17:15:59   -4.397350   0.900053   -0.052254   4.488825   -0.658    80.566
1986-01-24T17:16:47   -4.384809   0.904010   -0.082996   4.477804   -1.053    80.175
1986-01-24T17:17:35   -4.372227   0.907959   -0.113737   4.466963   -1.450    79.783
1986-01-24T17:18:23   -4.359610   0.911900   -0.144478   4.456310   -1.849    79.391
1986-01-24T17:19:11   -4.346953   0.915832   -0.175217   4.445841   -2.249    78.998
1986-01-24T17:19:59   -4.334253   0.919757   -0.205954   4.435560   -2.651    78.604
1986-01-24T17:20:47   -4.321520   0.923673   -0.236690   4.425469   -3.056    78.211
1986-01-24T17:21:35   -4.308743   0.927580   -0.267423   4.415567   -3.462    77.817
1986-01-24T17:22:23   -4.295926   0.931479   -0.298155   4.405857   -3.869    77.422
1986-01-24T17:23:11   -4.283070   0.935369   -0.328883   4.396340   -4.279    77.027
1986-01-24T17:23:59   -4.270174   0.939250   -0.359607   4.387019   -4.690    76.632
1986-01-24T17:24:47   -4.257235   0.943123   -0.390329   4.377893   -5.103    76.236
1986-01-24T17:25:35   -4.244262   0.946987   -0.421048   4.368966   -5.518    75.839
1986-01-24T17:26:23   -4.231240   0.950841   -0.451762   4.360234   -5.935    75.442
1986-01-24T17:27:11   -4.218183   0.954687   -0.482471   4.351705   -6.353    75.045
1986-01-24T17:27:59   -4.205085   0.958523   -0.513177   4.343376   -6.772    74.647
1986-01-24T17:28:47   -4.191945   0.962350   -0.543877   4.335249   -7.194    74.248
1986-01-24T17:29:35   -4.178763   0.966168   -0.574571   4.327325   -7.616    73.850
1986-01-24T17:30:23   -4.165541   0.969976   -0.605260   4.319606   -8.041    73.450
1986-01-24T17:31:11   -4.152278   0.973774   -0.635943   4.312092   -8.467    73.050
1986-01-24T17:31:59   -4.138973   0.977563   -0.666620   4.304786   -8.894    72.650
1986-01-24T17:32:47   -4.125632   0.981342   -0.697290   4.297687   -9.322    72.249
1986-01-24T17:33:35   -4.112244   0.985111   -0.727953   4.290798   -9.752    71.847
1986-01-24T17:34:23   -4.098815   0.988871   -0.758609   4.284122  -10.184    71.445
1986-01-24T17:35:11   -4.085343   0.992620   -0.789257   4.277652  -10.616    71.043
1986-01-24T17:35:59   -4.071831   0.996359   -0.819897   4.271398  -11.050    70.639
1986-01-24T17:36:47   -4.058282   1.000088   -0.850529   4.265356  -11.485    70.236
1986-01-24T17:37:35   -4.044687   1.003806   -0.881152   4.259531  -11.922    69.832
1986-01-24T17:38:23   -4.031050   1.007515   -0.911766   4.253919  -12.359    69.427
1986-01-24T17:39:11   -4.017374   1.011213   -0.942371   4.248525  -12.798    69.021
1986-01-24T17:39:59   -4.003654   1.014900   -0.972965   4.243343  -13.237    68.615
1986-01-24T17:40:47   -3.989893   1.018577   -1.003549   4.238384  -13.678    68.209
1986-01-24T17:41:35   -3.976088   1.022243   -1.034122   4.233643  -14.120    67.802
1986-01-24T17:42:23   -3.962243   1.025898   -1.064686   4.229119  -14.562    67.394
1986-01-24T17:43:11   -3.948358   1.029544   -1.095237   4.224818  -15.006    66.985
1986-01-24T17:43:59   -3.934430   1.033177   -1.125777   4.220739  -15.450    66.576
1986-01-24T17:44:47   -3.920461   1.036800   -1.156306   4.216880  -15.895    66.167
1986-01-24T17:45:35   -3.906448   1.040412   -1.186823   4.213243  -16.341    65.757
1986-01-24T17:46:23   -3.892397   1.044013   -1.217326   4.209829  -16.787    65.346
1986-01-24T17:47:11   -3.878303   1.047604   -1.247817   4.206639  -17.234    64.934
1986-01-24T17:47:59   -3.864168   1.051182   -1.278295   4.203673  -17.682    64.522
1986-01-24T17:48:47   -3.849991   1.054749   -1.308758   4.200931  -18.130    64.109
1986-01-24T17:49:35   -3.835771   1.058306   -1.339207   4.198415  -18.579    63.696
1986-01-24T17:50:23   -3.821512   1.061849   -1.369642   4.196123  -19.028    63.281
1986-01-24T17:51:11   -3.807213   1.065383   -1.400063   4.194058  -19.478    62.867
1986-01-24T17:51:59   -3.792869   1.068905   -1.430468   4.192220  -19.928    62.451
1986-01-24T17:52:47   -3.778487   1.072415   -1.460856   4.190607  -20.378    62.035
1986-01-24T17:53:35   -3.764064   1.075912   -1.491231   4.189223  -20.829    61.618
1986-01-24T17:54:23   -3.749597   1.079400   -1.521588   4.188064  -21.279    61.200
1986-01-24T17:55:11   -3.735093   1.082875   -1.551929   4.187134  -21.730    60.782
1986-01-24T17:55:59   -3.720549   1.086340   -1.582255   4.186429  -22.181    60.362
1986-01-24T17:56:47   -3.705959   1.089790   -1.612562   4.185953  -22.632    59.943
1986-01-24T17:57:35   -3.691334   1.093230   -1.642852   4.185704  -23.083    59.522
1986-01-24T17:58:23   -3.676668   1.096659   -1.673123   4.185684  -23.534    59.100
1986-01-24T17:59:11   -3.661963   1.100075   -1.703377   4.185891  -23.985    58.678
1986-01-24T17:59:59   -3.647217   1.103478   -1.733613   4.186325  -24.436    58.255
1986-01-24T18:00:47   -3.632433   1.106872   -1.763830   4.186989  -24.887    57.831
1986-01-24T18:01:35   -3.617607   1.110251   -1.794026   4.187879  -25.337    57.407
1986-01-24T18:02:23   -3.602745   1.113620   -1.824204   4.188994  -25.787    56.981
1986-01-24T18:03:11   -3.587840   1.116975   -1.854363   4.190341  -26.237    56.555
1986-01-24T18:03:59   -3.572898   1.120319   -1.884501   4.191911  -26.686    56.128
1986-01-24T18:04:47   -3.557918   1.123652   -1.914618   4.193707  -27.135    55.700
1986-01-24T18:05:35   -3.542899   1.126972   -1.944715   4.195732  -27.583    55.272
1986-01-24T18:06:23   -3.527841   1.130279   -1.974792   4.197983  -28.031    54.842
1986-01-24T18:07:11   -3.512749   1.133574   -2.004847   4.200459  -28.478    54.411
1986-01-24T18:07:59   -3.497656   1.136870   -2.034901   4.202939  -28.925    53.981
1986-01-24T18:08:47   -3.482564   1.140165   -2.064955   4.205421  -29.372    53.551
1986-01-24T18:09:35   -3.467472   1.143460   -2.095009   4.207889  -29.819    53.120
1986-01-24T18:10:23   -3.451825   1.146563   -2.124750   4.213477  -30.256    52.677
1986-01-24T18:11:11   -3.436594   1.149810   -2.154726   4.216736  -30.700    52.244
1986-01-24T18:11:59   -3.421362   1.153056   -2.184701   4.219994  -31.145    51.810
1986-01-24T18:12:47   -3.406131   1.156302   -2.214677   4.223253  -31.589    51.376
1986-01-24T18:13:35   -3.390618   1.159464   -2.244475   4.228287  -32.027    50.935
1986-01-24T18:14:23   -3.375246   1.162667   -2.274363   4.232442  -32.467    50.498
1986-01-24T18:15:11   -3.359736   1.165823   -2.304154   4.237470  -32.904    50.056
1986-01-24T18:15:59   -3.344296   1.169003   -2.333994   4.242066  -33.343    49.617
1986-01-24T18:16:47   -3.328708   1.172134   -2.363737   4.247530  -33.777    49.174
1986-01-24T18:17:35   -3.313192   1.175289   -2.393528   4.252563  -34.214    48.732
1986-01-24T18:18:23   -3.297541   1.178395   -2.423221   4.258458  -34.646    48.287
1986-01-24T18:19:11   -3.281958   1.181526   -2.452963   4.263927  -35.080    47.843
1986-01-24T18:19:59   -3.266242   1.184609   -2.482604   4.270249  -35.509    47.396
1986-01-24T18:20:47   -3.250592   1.187716   -2.512296   4.276150  -35.940    46.950
1986-01-24T18:21:35   -3.234807   1.190774   -2.541888   4.282894  -36.366    46.500
1986-01-24T18:22:23   -3.219089   1.193856   -2.571529   4.289220  -36.795    46.052
1986-01-24T18:23:11   -3.203238   1.196891   -2.601065   4.296387  -37.218    45.600
1986-01-24T18:23:59   -3.187455   1.199948   -2.630652   4.303138  -37.644    45.150
1986-01-24T18:24:47   -3.171549   1.202959   -2.660143   4.310715  -38.063    44.696
1986-01-24T18:25:35   -3.155703   1.205994   -2.689681   4.317883  -38.486    44.243
1986-01-24T18:26:23   -3.139728   1.208981   -2.719110   4.325872  -38.902    43.786
1986-01-24T18:27:11   -3.123817   1.211990   -2.748595   4.333456  -39.322    43.332
1986-01-24T18:27:59   -3.107786   1.214953   -2.777972   4.341850  -39.735    42.872
1986-01-24T18:28:47   -3.091815   1.217939   -2.807403   4.349844  -40.151    42.415
1986-01-24T18:29:35   -3.075722   1.220881   -2.836728   4.358637  -40.560    41.953
1986-01-24T18:30:23   -3.059690   1.223843   -2.866105   4.367035  -40.972    41.494
1986-01-24T18:31:11   -3.043538   1.226759   -2.895374   4.376226  -41.378    41.029
1986-01-24T18:31:59   -3.027447   1.229699   -2.924697   4.385027  -41.787    40.567
1986-01-24T18:32:47   -3.011242   1.232593   -2.953910   4.394602  -42.188    40.100
1986-01-24T18:33:35   -2.995093   1.235508   -2.983178   4.403794  -42.593    39.635
1986-01-24T18:34:23   -2.978830   1.238379   -3.012338   4.413757  -42.991    39.165
1986-01-24T18:35:11   -2.962626   1.241271   -3.041551   4.423339  -43.392    38.698
1986-01-24T18:35:59   -2.946309   1.244120   -3.070649   4.433683  -43.785    38.225
1986-01-24T18:36:47   -2.930048   1.246988   -3.099804   4.443649  -44.183    37.755
1986-01-24T18:37:35   -2.913681   1.249814   -3.128850   4.454365  -44.572    37.279
1986-01-24T18:38:23   -2.897367   1.252662   -3.157951   4.464710  -44.965    36.806
1986-01-24T18:39:11   -2.880947   1.255465   -3.186938   4.475792  -45.350    36.328
1986-01-24T18:39:59   -2.864581   1.258288   -3.215981   4.486509  -45.739    35.852
1986-01-24T18:40:47   -2.848112   1.261071   -3.244914   4.497955  -46.120    35.370
1986-01-24T18:41:35   -2.831695   1.263873   -3.273902   4.509042  -46.505    34.891
1986-01-24T18:42:23   -2.815177   1.266631   -3.302772   4.520838  -46.881    34.407
1986-01-24T18:43:11   -2.798708   1.269413   -3.331700   4.532285  -47.261    33.925
1986-01-24T18:43:59   -2.782147   1.272150   -3.360520   4.544437  -47.633    33.437
1986-01-24T18:44:47   -2.765633   1.274909   -3.389394   4.556242  -48.009    32.952
1986-01-24T18:45:35   -2.749019   1.277625   -3.418152   4.568732  -48.376    32.460
1986-01-24T18:46:23   -2.732454   1.280361   -3.446969   4.580884  -48.747    31.972
1986-01-24T18:47:11   -2.715800   1.283057   -3.475677   4.593719  -49.110    31.477
1986-01-24T18:47:59   -2.699190   1.285773   -3.504441   4.606215  -49.477    30.986
1986-01-24T18:48:47   -2.682494   1.288448   -3.533084   4.619376  -49.835    30.488
1986-01-24T18:49:35   -2.665842   1.291143   -3.561787   4.632209  -50.197    29.993
1986-01-24T18:50:23   -2.649102   1.293797   -3.590375   4.645700  -50.550    29.491
1986-01-24T18:51:11   -2.632405   1.296470   -3.619020   4.658863  -50.908    28.992
1986-01-24T18:51:59   -2.615622   1.299103   -3.647550   4.672675  -51.256    28.487
1986-01-24T18:52:47   -2.598881   1.301756   -3.676137   4.686167  -51.609    27.985
1986-01-24T18:53:35   -2.582067   1.304371   -3.704617   4.700290  -51.953    27.476
1986-01-24T18:54:23   -2.565290   1.307004   -3.733150   4.714100  -52.301    26.970
1986-01-24T18:55:11   -2.548461   1.309631   -3.761575   4.728566  -52.639    26.456
1986-01-24T18:55:59   -2.531614   1.312232   -3.790012   4.742917  -52.979    25.944
1986-01-24T18:57:35   -2.497862   1.317398   -3.846791   4.772076  -53.652    24.914
1986-01-24T18:58:23   -2.480954   1.319968   -3.875140   4.786880  -53.984    24.395
1986-01-24T18:59:11   -2.464033   1.322529   -3.903458   4.801833  -54.314    23.875
1986-01-24T18:59:59   -2.447094   1.325079   -3.931750   4.816934  -54.642    23.353
1986-01-24T19:00:47   -2.430140   1.327621   -3.960014   4.832176  -54.967    22.828
1986-01-24T19:01:35   -2.413162   1.330153   -3.988253   4.847564  -55.290    22.301
1986-01-24T19:02:23   -2.396173   1.332675   -4.016460   4.863093  -55.611    21.773
1986-01-24T19:03:11   -2.379167   1.335188   -4.044640   4.878765  -55.929    21.242
1986-01-24T19:03:59   -2.362142   1.337692   -4.072795   4.894572  -56.244    20.708
1986-01-24T19:04:47   -2.345103   1.340187   -4.100918   4.910520  -56.557    20.173
1986-01-24T19:05:35   -2.328047   1.342672   -4.129017   4.926602  -56.868    19.635
1986-01-24T19:06:23   -2.310976   1.345150   -4.157084   4.942819  -57.176    19.095
1986-01-24T19:07:11   -2.293890   1.347618   -4.185129   4.959171  -57.482    18.553
1986-01-24T19:07:59   -2.276788   1.350077   -4.213145   4.975653  -57.785    18.008
1986-01-24T19:08:47   -2.259671   1.352529   -4.241131   4.992266  -58.086    17.461
1986-01-24T19:09:35   -2.242542   1.354971   -4.269093   5.009008  -58.384    16.912
1986-01-24T19:10:23   -2.225399   1.357404   -4.297026   5.025879  -58.680    16.360
1986-01-24T19:11:11   -2.208238   1.359829   -4.324938   5.042873  -58.974    15.805
1986-01-24T19:11:59   -2.191067   1.362245   -4.352818   5.059995  -59.265    15.248
1986-01-24T19:12:47   -2.173881   1.364655   -4.380669   5.077240  -59.553    14.688
1986-01-24T19:13:35   -2.156684   1.367053   -4.408498   5.094606  -59.839    14.126
1986-01-24T19:14:23   -2.139470   1.369445   -4.436296   5.112095  -60.123    13.562
1986-01-24T19:15:11   -2.122247   1.371829   -4.464069   5.129700  -60.404    12.994
1986-01-24T19:15:59   -2.105009   1.374204   -4.491819   5.147427  -60.683    12.424
1986-01-24T19:16:47   -2.087762   1.376573   -4.519539   5.165268  -60.959    11.851
1986-01-24T19:17:35   -2.070500   1.378931   -4.547235   5.183227  -61.233    11.276
1986-01-24T19:18:23   -2.053226   1.381283   -4.574904   5.201298  -61.505    10.697
1986-01-24T19:19:11   -2.035942   1.383627   -4.602551   5.219481  -61.774    10.116
1986-01-24T19:19:59   -2.018646   1.385962   -4.630167   5.237777  -62.040     9.532
1986-01-24T19:20:47   -2.001339   1.388290   -4.657757   5.256185  -62.305     8.945
1986-01-24T19:21:35   -1.984018   1.390612   -4.685323   5.274701  -62.566     8.355
1986-01-24T19:22:23   -1.966690   1.392925   -4.712863   5.293324  -62.826     7.762
1986-01-24T19:23:11   -1.949349   1.395230   -4.740383   5.312056  -63.083     7.166
1986-01-24T19:23:59   -1.932002   1.397530   -4.767871   5.330891  -63.338     6.567
1986-01-24T19:24:47   -1.914640   1.399819   -4.795337   5.349829  -63.590     5.965
1986-01-24T19:25:35   -1.897271   1.402104   -4.822778   5.368873  -63.840     5.360
1986-01-24T19:26:23   -1.879891   1.404381   -4.850195   5.388019  -64.087     4.752
1986-01-24T19:27:11   -1.862502   1.406650   -4.877587   5.407263  -64.332     4.140
1986-01-24T19:27:59   -1.845103   1.408912   -4.904956   5.426608  -64.575     3.526
1986-01-24T19:28:47   -1.827696   1.411168   -4.932296   5.446053  -64.815     2.908
1986-01-24T19:29:35   -1.810277   1.413417   -4.959616   5.465591  -65.053     2.287
1986-01-24T19:30:23   -1.792853   1.415658   -4.986907   5.485229  -65.289     1.662
1986-01-24T19:31:11   -1.775420   1.417892   -5.014179   5.504960  -65.522     1.034
1986-01-24T19:31:59   -1.757977   1.420120   -5.041426   5.524785  -65.753     0.403
1986-01-24T19:32:47   -1.740525   1.422342   -5.068648   5.544703  -65.981    -0.232
1986-01-24T19:33:35   -1.723066   1.424556   -5.095843   5.564713  -66.208    -0.870
1986-01-24T19:34:23   -1.705598   1.426764   -5.123019   5.584813  -66.432    -1.512
1986-01-24T19:35:11   -1.688123   1.428967   -5.150170   5.605002  -66.653    -2.157
1986-01-24T19:35:59   -1.670642   1.431161   -5.177300   5.625278  -66.872    -2.806
1986-01-24T19:36:47   -1.653151   1.433350   -5.204408   5.645646  -67.089    -3.459
1986-01-24T19:37:35   -1.635653   1.435532   -5.231488   5.666096  -67.304    -4.115
1986-01-24T19:38:23   -1.618152   1.437709   -5.258544   5.686633  -67.516    -4.775
1986-01-24T19:39:11   -1.600638   1.439878   -5.285583   5.707255  -67.726    -5.439
1986-01-24T19:39:59   -1.583121   1.442041   -5.312596   5.727961  -67.934    -6.106
1986-01-24T19:40:47   -1.565595   1.444200   -5.339590   5.748748  -68.140    -6.778
1986-01-24T19:41:35   -1.548062   1.446350   -5.366561   5.769615  -68.343    -7.453
1986-01-24T19:42:23   -1.530523   1.448497   -5.393508   5.790564  -68.544    -8.132
1986-01-24T19:43:11   -1.512981   1.450636   -5.420431   5.811591  -68.742    -8.815
1986-01-24T19:43:59   -1.495431   1.452769   -5.447331   5.832699  -68.939    -9.501
1986-01-24T19:44:47   -1.477875   1.454897   -5.474216   5.853882  -69.133   -10.192
1986-01-24T19:45:35   -1.460313   1.457021   -5.501072   5.875142  -69.324   -10.887
1986-01-24T19:46:23   -1.442741   1.459136   -5.527911   5.896478  -69.514   -11.586
1986-01-24T19:47:59   -1.407590   1.463352   -5.581523   5.939376  -69.886   -12.996
1986-01-24T19:48:47   -1.390006   1.465452   -5.608296   5.960934  -70.069   -13.707
1986-01-24T19:49:35   -1.372417   1.467546   -5.635051   5.982564  -70.250   -14.422
1986-01-24T19:50:23   -1.354823   1.469634   -5.661780   6.004267  -70.428   -15.142
1986-01-24T19:51:11   -1.337224   1.471718   -5.688493   6.026037  -70.604   -15.865
1986-01-24T19:51:59   -1.319619   1.473797   -5.715185   6.047879  -70.778   -16.593
1986-01-24T19:52:47   -1.302011   1.475868   -5.741851   6.069792  -70.950   -17.325
1986-01-24T19:53:35   -1.284397   1.477937   -5.768503   6.091771  -71.120   -18.062
1986-01-24T19:54:23   -1.266778   1.479999   -5.795132   6.113815  -71.287   -18.802
1986-01-24T19:55:11   -1.249155   1.482056   -5.821741   6.135927  -71.452   -19.547
1986-01-24T19:55:59   -1.231526   1.484107   -5.848329   6.158104  -71.615   -20.297
1986-01-24T19:56:47   -1.213899   1.486155   -5.874900   6.180347  -71.776   -21.050
1986-01-24T19:57:35   -1.196262   1.488195   -5.901447   6.202653  -71.934   -21.808
1986-01-24T19:58:23   -1.178623   1.490232   -5.927973   6.225025  -72.090   -22.571
1986-01-24T19:59:11   -1.160980   1.492265   -5.954485   6.247455  -72.245   -23.337
1986-01-24T19:59:59   -1.143332   1.494291   -5.980980   6.269949  -72.396   -24.109
1986-01-24T20:00:47   -1.125683   1.496315   -6.007448   6.292503  -72.546   -24.884
1986-01-24T20:01:35   -1.108027   1.498331   -6.033903   6.315120  -72.694   -25.664
1986-01-24T20:02:23   -1.090370   1.500344   -6.060332   6.337795  -72.839   -26.448
1986-01-24T20:03:11   -1.072709   1.502353   -6.086745   6.360528  -72.983   -27.237
1986-01-24T20:03:59   -1.055044   1.504356   -6.113142   6.383320  -73.124   -28.030
1986-01-24T20:04:47   -1.037376   1.506354   -6.139520   6.406170  -73.263   -28.827
1986-01-24T20:05:35   -1.019706   1.508349   -6.165877   6.429076  -73.400   -29.629
1986-01-24T20:06:23   -1.002031   1.510339   -6.192218   6.452040  -73.534   -30.435
1986-01-24T20:07:11   -0.984356   1.512324   -6.218537   6.475056  -73.667   -31.245
1986-01-24T20:07:59   -0.966676   1.514305   -6.244841   6.498128  -73.797   -32.060
1986-01-24T20:08:47   -0.948993   1.516282   -6.271125   6.521255  -73.926   -32.879
1986-01-24T20:09:35   -0.931308   1.518253   -6.297393   6.544435  -74.052   -33.702
1986-01-24T20:10:23   -0.913620   1.520222   -6.323641   6.567669  -74.176   -34.529
1986-01-24T20:11:11   -0.895930   1.522185   -6.349870   6.590953  -74.298   -35.361
1986-01-24T20:11:59   -0.878236   1.524145   -6.376085   6.614290  -74.418   -36.197
1986-01-24T20:12:47   -0.860541   1.526100   -6.402283   6.637680  -74.536   -37.037
1986-01-24T20:13:35   -0.842843   1.528050   -6.428462   6.661118  -74.651   -37.881
1986-01-24T20:14:23   -0.825143   1.529998   -6.454624   6.684607  -74.765   -38.729
1986-01-24T20:15:11   -0.807441   1.531940   -6.480765   6.708143  -74.876   -39.581
1986-01-24T20:15:59   -0.789736   1.533879   -6.506890   6.731729  -74.986   -40.437
1986-01-24T20:16:47   -0.772030   1.535813   -6.533001   6.755363  -75.093   -41.297
1986-01-24T20:17:35   -0.754321   1.537745   -6.559093   6.779046  -75.198   -42.161
1986-01-24T20:18:23   -0.736611   1.539671   -6.585173   6.802773  -75.301   -43.029
1986-01-24T20:19:11   -0.718899   1.541595   -6.611234   6.826550  -75.402   -43.900
1986-01-24T20:19:59   -0.701185   1.543514   -6.637278   6.850371  -75.501   -44.775
1986-01-24T20:20:47   -0.683469   1.545429   -6.663303   6.874238  -75.598   -45.653
1986-01-24T20:21:35   -0.665752   1.547341   -6.689312   6.898149  -75.693   -46.535
1986-01-24T20:22:23   -0.648033   1.549249   -6.715306   6.922104  -75.786   -47.420
1986-01-24T20:23:11   -0.630312   1.551153   -6.741285   6.946103  -75.877   -48.309
1986-01-24T20:23:59   -0.612590   1.553053   -6.767247   6.970145  -75.966   -49.201
1986-01-24T20:24:47   -0.594866   1.554950   -6.793196   6.994230  -76.053   -50.096
1986-01-24T20:25:35   -0.577142   1.556844   -6.819123   7.018358  -76.138   -50.994
1986-01-24T20:26:23   -0.559415   1.558733   -6.845037   7.042528  -76.220   -51.895
1986-01-24T20:27:11   -0.541688   1.560618   -6.870937   7.066738  -76.301   -52.799
1986-01-24T20:27:59   -0.523959   1.562502   -6.896821   7.090990  -76.380   -53.706
1986-01-24T20:28:47   -0.506229   1.564380   -6.922688   7.115285  -76.457   -54.615
1986-01-24T20:29:35   -0.488498   1.566257   -6.948542   7.139614  -76.532   -55.527
1986-01-24T20:30:23   -0.470765   1.568129   -6.974381   7.163985  -76.605   -56.441
1986-01-24T20:31:11   -0.453033   1.569996   -7.000202   7.188396  -76.676   -57.357
1986-01-24T20:31:59   -0.435298   1.571862   -7.026010   7.212844  -76.745   -58.276
1986-01-24T20:32:47   -0.417564   1.573724   -7.051805   7.237330  -76.812   -59.196
1986-01-24T20:33:35   -0.399828   1.575583   -7.077580   7.261857  -76.878   -60.119
1986-01-24T20:34:23   -0.382091   1.577438   -7.103345   7.286419  -76.941   -61.043
1986-01-24T20:35:11   -0.364353   1.579291   -7.129094   7.311018  -77.003   -61.969
1986-01-24T20:35:59   -0.346615   1.581140   -7.154828   7.335650  -77.062   -62.896
1986-01-24T20:36:47   -0.328876   1.582985   -7.180548   7.360323  -77.120   -63.825
1986-01-24T20:37:35   -0.311136   1.584827   -7.206254   7.385030  -77.176   -64.755
1986-01-24T20:38:23   -0.293397   1.586668   -7.231943   7.409770  -77.230   -65.686
1986-01-24T20:39:11   -0.275655   1.588504   -7.257622   7.434546  -77.282   -66.618
1986-01-24T20:39:59   -0.257914   1.590338   -7.283284   7.459356  -77.333   -67.551
1986-01-24T20:40:47   -0.240172   1.592168   -7.308936   7.484200  -77.382   -68.484
1986-01-24T20:41:35   -0.222430   1.593994   -7.334569   7.509078  -77.429   -69.418
1986-01-24T20:42:23   -0.204687   1.595819   -7.360193   7.533990  -77.474   -70.353
1986-01-24T20:43:11   -0.186944   1.597641   -7.385798   7.558935  -77.517   -71.287
1986-01-24T20:43:59   -0.169201   1.599459   -7.411393   7.583911  -77.559   -72.222
1986-01-24T20:44:47   -0.151457   1.601274   -7.436972   7.608919  -77.599   -73.156
1986-01-24T20:45:35   -0.133713   1.603086   -7.462542   7.633961  -77.637   -74.091
1986-01-24T20:46:23   -0.115969   1.604897   -7.488096   7.659033  -77.674   -75.025
1986-01-24T20:47:11   -0.098225   1.606704   -7.513636   7.684135  -77.709   -75.958
1986-01-24T20:47:59   -0.080480   1.608508   -7.539164   7.709269  -77.742   -76.891
1986-01-24T20:48:47   -0.062735   1.610309   -7.564679   7.734431  -77.774   -77.823
1986-01-24T20:49:35   -0.044990   1.612107   -7.590177   7.759626  -77.804   -78.753
1986-01-24T20:50:23   -0.027245   1.613904   -7.615667   7.784847  -77.833   -79.683
1986-01-24T20:51:11   -0.009501   1.615696   -7.641141   7.810102  -77.859   -80.612
1986-01-24T20:51:59    0.008245   1.617487   -7.666609   7.835384  -77.885   -81.539
1986-01-24T20:52:47    0.025990   1.619274   -7.692056   7.860693  -77.909   -82.465
1986-01-24T20:53:35    0.043735   1.621060   -7.717492   7.886032  -77.931   -83.389
1986-01-24T20:54:23    0.061480   1.622842   -7.742921   7.911400  -77.952   -84.312
1986-01-24T20:55:11    0.079224   1.624621   -7.768330   7.936794  -77.971   -85.231
1986-01-24T20:55:59    0.096969   1.626399   -7.793731   7.962216  -77.989   -86.150
1986-01-24T20:56:47    0.114713   1.628173   -7.819118   7.987665  -78.006   -87.066
1986-01-24T20:57:35    0.132457   1.629946   -7.844491   8.013142  -78.021   -87.980
1986-01-24T20:58:23    0.150201   1.631715   -7.869858   8.038644  -78.035   -88.892
1986-01-24T20:59:11    0.167945   1.633482   -7.895206   8.064173  -78.047   -89.801
1986-01-24T20:59:59    0.185689   1.635246   -7.920547   8.089726  -78.058   -90.707